1  -3812.86238001
2  -3812.86341478
3  -3812.85130611
4  -3812.82782681
5  -3812.84565191
6  -3812.88637366
7  -3812.87181062
8  -3812.86666045
9  -3812.87010496
10  -3812.93586584
11  -3812.90852839
12  -3812.88838314
13  -3812.92354277
14  -3812.93092314
15  -3812.84237435
16  -3812.82585531
17  -3812.85611534
18  -3812.89364152
19  -3812.83321965
20  -3812.86988502
21  -3812.88143866
22  -3812.85061808
23  -3812.85519737
24  -3812.87119361
25  -3812.84776193
26  -3812.82364357
27  -3812.83340552
28  -3812.83640512
29  -3812.85214993
30  -3812.87308440
31  -3812.84298583
32  -3812.82342428
33  -3812.88143864
34  -3812.86812267
35  -3812.81935677
36  -3812.86888079
37  -3812.87310451
38  -3812.86687868
39  -3812.85154017
40  -3812.87092450
41  -3812.91008785
42  -3812.86549776
43  -3812.89769687
44  -3812.83427467
45  -3812.88471221
46  -3812.87269981
47  -3812.87057232
48  -3812.87170487
49  -3812.87750846
50  -3812.87619768
51  -3812.86018114
52  -3812.86902282
53  -3812.85514284
54  -3812.88261382
55  -3812.86799993
56  -3812.87373343
57  -3812.92171836
58  -3812.85704594
59  -3812.90208488
60  -3812.87853039
61  -3812.87712927
62  -3812.89470592
63  -3812.91832612
64  -3812.83823322
65  -3812.86067931
66  -3812.84762105
67  -3812.83459107
68  -3812.86156155
69  -3812.85454933
70  -3812.83286775
71  -3812.83980792
72  -3812.87144734
73  -3812.84802014
74  -3812.83841404
75  -3812.86034275
76  -3812.87248113
77  -3812.89706133
78  -3812.88223226
79  -3812.89318214
80  -3812.90729730
81  -3812.89684270
82  -3812.90632297
83  -3812.89671416
84  -3812.87960828
85  -3812.89783175
86  -3812.89311000
87  -3812.91746203
88  -3812.94591154
89  -3812.92809227
90  -3812.94633338
91  -3812.84940701
92  -3812.87757526
93  -3812.87452696
94  -3812.89423973
95  -3812.88559371
96  -3812.90076480
97  -3812.83529372
98  -3812.82044821
99  -3812.84736273
100  -3812.85491052
101  -3812.82484171
102  -3812.86812718
103  -3812.88682294
104  -3812.85336152
105  -3812.85693218
