# SOD ENSEMBLE format version 2
           5  substitutions in           27 sites
                  105  configurations
     1    324   28   29   30   31   32
     2     81   28   29   30   31   34
     3    324   28   29   30   31   35
     4    324   28   29   30   31   37
     5    648   28   29   30   31   38
     6    648   28   29   30   31   40
     7   1296   28   29   30   31   41
     8    648   28   29   30   31   43
     9   1296   28   29   30   31   44
    10    324   28   29   30   40   41
    11    324   28   29   30   40   43
    12    648   28   29   30   40   44
    13    162   28   29   30   40   52
    14    324   28   29   30   40   53
    15     81   28   29   31   32   36
    16    648   28   29   31   32   37
    17    648   28   29   31   32   39
    18    162   28   29   31   32   45
    19    324   28   29   31   33   35
    20   1296   28   29   31   33   37
    21   1296   28   29   31   33   38
    22   1296   28   29   31   33   39
    23    648   28   29   31   33   43
    24   1296   28   29   31   33   44
    25    648   28   29   31   36   37
    26   1296   28   29   31   36   38
    27   1296   28   29   31   36   39
    28    648   28   29   31   36   41
    29   1296   28   29   31   36   42
    30    648   28   29   31   36   45
    31    216   28   29   31   37   41
    32    648   28   29   31   37   42
    33    648   28   29   31   37   45
    34    216   28   29   31   37   54
    35    648   28   29   31   38   40
    36    648   28   29   31   38   42
    37   1296   28   29   31   38   43
    38    648   28   29   31   38   44
    39   1296   28   29   31   38   45
    40   1296   28   29   31   38   52
    41    648   28   29   31   38   54
    42   1296   28   29   31   39   41
    43   1296   28   29   31   39   42
    44    648   28   29   31   39   43
    45   1296   28   29   31   39   44
    46   1296   28   29   31   39   45
    47    648   28   29   31   39   48
    48   1296   28   29   31   39   50
    49   1296   28   29   31   39   51
    50    648   28   29   31   39   52
    51   1296   28   29   31   39   53
    52   1296   28   29   31   39   54
    53   1296   28   29   31   41   42
    54    648   28   29   31   41   45
    55    324   28   29   31   41   50
    56   1296   28   29   31   41   51
    57    648   28   29   31   41   54
    58    648   28   29   31   42   44
    59   1296   28   29   31   42   45
    60    648   28   29   31   42   51
    61    648   28   29   31   42   53
    62   1296   28   29   31   42   54
    63    324   28   29   31   45   54
    64    162   28   29   33   36   39
    65    648   28   29   33   36   40
    66    648   28   29   33   39   40
    67   1296   28   29   33   39   43
    68    648   28   29   33   39   45
    69    648   28   29   33   39   52
    70    324   28   29   33   39   54
    71    324   28   29   33   40   41
    72   1296   28   29   33   40   43
    73   1296   28   29   33   40   44
    74   1296   28   29   33   40   45
    75    648   28   29   33   40   50
    76   1296   28   29   33   40   52
    77   1296   28   29   33   40   53
    78   1296   28   29   33   40   54
    79   1296   28   29   33   42   43
    80   1296   28   29   33   42   52
    81    648   28   29   33   42   54
    82    648   28   29   33   43   44
    83   1296   28   29   33   43   45
    84    648   28   29   33   43   53
    85   1296   28   29   33   43   54
    86    162   28   29   33   45   54
    87    324   28   29   40   41   52
    88    162   28   29   40   41   54
    89    324   28   29   40   42   52
    90    648   28   29   40   42   53
    91    648   28   29   40   44   50
    92   1296   28   29   40   44   51
    93    648   28   29   40   45   51
    94    648   28   29   40   45   52
    95    648   28   29   40   45   53
    96    648   28   29   40   45   54
    97    324   28   32   36   38   40
    98    648   28   32   36   38   42
    99    324   28   32   36   38   48
   100    324   28   32   36   38   49
   101    648   28   32   36   38   51
   102     54   28   32   38   40   54
   103    648   28   32   38   42   52
   104    648   28   32   38   45   51
   105    216   28   32   39   44   51
