13.5779 8.9838 1656.24
13.5798 8.98713 1657.33
13.5811 8.98574 1657.38
13.5793 8.98653 1657.1
13.5801 8.98537 1657.08
13.5817 8.98518 1657.42
13.5791 8.98467 1656.71
13.58 8.98562 1657.1
13.5792 8.9864 1657.05
13.5804 8.98581 1657.23
13.5803 8.98913 1657.81
13.5781 8.98679 1656.85
13.5783 8.98722 1656.97
13.5811 8.98538 1657.33
13.5799 8.98606 1657.16
13.5782 8.98715 1656.94
13.5827 8.97498 1655.79
13.5809 8.98373 1656.97
13.5804 8.98593 1657.25
13.579 8.98693 1657.09
13.5803 8.98544 1657.14
13.5808 8.9847 1657.11
13.5811 8.98402 1657.06
13.58 8.98582 1657.14
