1  -67062.371487
2  -67062.339352
3  -67062.386551
4  -67062.368756
5  -67062.398668
6  -67062.392248
7  -67062.359568
8  -67062.337680
9  -67062.356714
10  -67062.369306
11  -67062.375923
12  -67062.374003
13  -67062.320889
14  -67062.349671
15  -67062.340130
16  -67062.356278
17  -67062.369698
18  -67062.369109
19  -67062.369182
20  -67062.380279
21  -67062.354283
22  -67062.368545
23  -67062.390089
24  -67062.377597
25  -67062.406693
26  -67062.388337
27  -67062.333861
28  -67062.366641
29  -67062.365565
30  -67062.382646
31  -67062.376000
32  -67062.408808
33  -67062.390690
34  -67062.394819
35  -67062.398879
36  -67062.386515
37  -67062.410053
38  -67062.336844
39  -67062.348655
40  -67062.358184
41  -67062.328298
42  -67062.357323
43  -67062.366956
44  -67062.379342
45  -67062.357934
46  -67062.366106
47  -67062.374100
48  -67062.386323
49  -67062.368352
50  -67062.364305
51  -67062.358507
52  -67062.417446
53  -67062.397660
54  -67062.428996
55  -67062.406224
56  -67062.419877
57  -67062.419061
58  -67062.428970
59  -67062.423675
60  -67062.437775
61  -67062.401460
62  -67062.432444
63  -67062.441454
64  -67062.397069
65  -67062.407486
66  -67062.421281
67  -67062.401202
68  -67062.357008
69  -67062.356038
70  -67062.376427
71  -67062.371699
72  -67062.398754
73  -67062.406658
74  -67062.411142
75  -67062.428713
76  -67062.405698
77  -67062.366283
78  -67062.364865
79  -67062.364411
80  -67062.391502
81  -67062.375298
82  -67062.412435
83  -67062.396913
84  -67062.425296
85  -67062.441716
86  -67062.418629
87  -67062.424180
88  -67062.413106
89  -67062.440602
90  -67062.414499
91  -67062.440960
92  -67062.472121
93  -67062.469586
94  -67062.345446
95  -67062.403912
96  -67062.450684
97  -67062.478607
