# SOD OUTSOD format version 2
           8  substitutions in           16 sites
                   97  configurations
     1     48   17   18   19   20   21   22   23   24
     2     96   17   18   19   20   21   22   23   25
     3    192   17   18   19   20   21   22   24   25
     4    192   17   18   19   20   21   22   24   27
     5    192   17   18   19   20   21   22   24   29
     6    192   17   18   19   20   21   22   24   30
     7     96   17   18   19   20   21   22   25   26
     8    192   17   18   19   20   21   22   25   27
     9    192   17   18   19   20   21   22   25   28
    10     96   17   18   19   20   21   22   25   29
    11    192   17   18   19   20   21   22   25   30
    12    192   17   18   19   20   21   22   25   32
    13     48   17   18   19   20   21   22   27   28
    14    192   17   18   19   20   21   22   27   29
    15    192   17   18   19   20   21   22   27   30
    16    192   17   18   19   20   21   22   27   31
    17    192   17   18   19   20   21   22   27   32
    18    192   17   18   19   20   21   22   29   30
    19     96   17   18   19   20   21   22   29   31
    20     96   17   18   19   20   21   22   29   32
    21     96   17   18   19   20   21   22   30   31
    22    192   17   18   19   20   21   24   25   26
    23    192   17   18   19   20   21   24   25   30
    24     96   17   18   19   20   21   24   25   32
    25     48   17   18   19   20   21   24   26   31
    26     96   17   18   19   20   21   24   29   32
    27     12   17   18   19   20   21   28   31   32
    28     96   17   18   19   21   22   24   25   26
    29     96   17   18   19   21   22   24   25   27
    30     96   17   18   19   21   22   24   25   28
    31    192   17   18   19   21   22   24   25   29
    32    192   17   18   19   21   22   24   25   30
    33    192   17   18   19   21   22   24   25   31
    34    192   17   18   19   21   22   24   25   32
    35    192   17   18   19   21   22   24   29   30
    36     48   17   18   19   21   22   24   29   32
    37     48   17   18   19   21   22   24   30   31
    38    192   17   18   19   21   22   25   26   27
    39    192   17   18   19   21   22   25   26   29
    40    192   17   18   19   21   22   25   26   30
    41     24   17   18   19   21   22   25   27   29
    42    192   17   18   19   21   22   25   27   30
    43     96   17   18   19   21   22   25   27   32
    44     96   17   18   19   21   22   25   28   30
    45     48   17   18   19   21   22   25   28   31
    46     96   17   18   19   21   22   25   29   30
    47    192   17   18   19   21   22   25   30   31
    48    192   17   18   19   21   22   25   30   32
    49    192   17   18   19   21   22   25   31   32
    50     48   17   18   19   21   22   29   30   31
    51     96   17   18   19   21   22   29   30   32
    52    192   17   18   19   21   23   24   26   27
    53    192   17   18   19   21   23   24   26   28
    54    192   17   18   19   21   23   24   26   29
    55     48   17   18   19   21   23   24   26   30
    56    192   17   18   19   21   23   24   26   31
    57    192   17   18   19   21   23   24   27   28
    58     96   17   18   19   21   23   24   27   29
    59    192   17   18   19   21   23   24   27   30
    60    192   17   18   19   21   23   24   27   31
    61    192   17   18   19   21   23   24   27   32
    62    192   17   18   19   21   23   24   28   29
    63    192   17   18   19   21   23   24   28   30
    64    192   17   18   19   21   23   24   28   32
    65     96   17   18   19   21   23   24   29   32
    66    192   17   18   19   21   23   24   30   31
    67    192   17   18   19   21   23   24   30   32
    68     96   17   18   19   21   23   25   26   27
    69     96   17   18   19   21   23   25   26   28
    70    192   17   18   19   21   23   25   27   28
    71     96   17   18   19   21   23   25   27   32
    72     96   17   18   19   21   23   25   28   30
    73    192   17   18   19   21   23   26   27   28
    74     96   17   18   19   21   23   26   27   31
    75     96   17   18   19   21   23   27   28   30
    76     24   17   18   19   21   23   28   30   32
    77     96   17   18   19   21   24   25   26   27
    78     96   17   18   19   21   24   25   26   28
    79     48   17   18   19   21   24   25   27   28
    80    192   17   18   19   21   24   25   27   30
    81    192   17   18   19   21   24   25   27   32
    82     96   17   18   19   21   24   25   28   30
    83     96   17   18   19   21   24   26   27   28
    84    192   17   18   19   21   24   26   27   29
    85    192   17   18   19   21   24   26   27   31
    86    192   17   18   19   21   24   26   28   31
    87     96   17   18   19   21   24   27   28   30
    88     96   17   18   19   21   24   27   29   30
    89    192   17   18   19   21   24   27   30   31
    90     48   17   18   19   21   24   27   31   32
    91     96   17   18   19   21   24   28   30   31
    92     48   17   18   19   23   24   27   28   30
    93     96   17   18   19   23   24   27   30   31
    94      6   17   18   21   24   25   27   29   32
    95     24   17   18   21   24   25   27   30   31
    96     48   17   18   21   24   25   28   29   30
    97     12   17   18   22   24   25   28   30   31
