          22  substitutions in           24 sites
                   11  configurations
     1     12    1    2    3    4    5    6    7    8    9   10   11   12   13   14   15   16   17   18   19   20   21   22
     2     24    1    2    3    4    5    6    7    8    9   10   11   12   13   14   15   16   17   18   19   20   21   23
     3     24    1    2    3    4    5    6    7    8    9   10   11   12   13   14   15   16   17   18   19   20   21   24
     4     12    1    2    3    4    5    6    7    8    9   10   11   12   13   14   15   16   17   18   19   21   22   23
     5     12    1    2    3    4    5    6    7    8    9   10   11   12   13   14   15   16   17   18   19   21   22   24
     6     48    1    2    3    4    5    6    7    8    9   10   11   12   13   14   15   17   18   19   20   21   22   23
     7     48    1    2    3    4    5    6    7    8    9   10   11   12   13   14   15   17   18   19   20   21   22   24
     8     24    1    2    3    4    5    6    7    8    9   10   11   12   13   14   15   17   18   19   21   22   23   24
     9     24    1    2    3    4    5    6    7    8    9   10   11   12   13   14   15   17   18   20   21   22   23   24
    10     24    1    2    3    4    5    6    7    8    9   10   11   12   13   14   15   17   19   20   21   22   23   24
    11     24    1    2    3    4    5    6    7    8    9   10   11   12   13   14   15   18   19   20   21   22   23   24
