         128          16
           1           2           3           4           5           6           7           8           9          10          11          12          13          14          15          16
           2           1           4           3           6           5           8           7          10           9          12          11          14          13          16          15
           3           4           1           2           7           8           5           6          11          12           9          10          15          16          13          14
           4           3           2           1           8           7           6           5          12          11          10           9          16          15          14          13
           5           6           7           8           1           2           3           4          13          14          15          16           9          10          11          12
           6           5           8           7           2           1           4           3          14          13          16          15          10           9          12          11
           7           8           5           6           3           4           1           2          15          16          13          14          11          12           9          10
           8           7           6           5           4           3           2           1          16          15          14          13          12          11          10           9
           1           2           3           4           5           6           7           8          16          15          14          13          12          11          10           9
           2           1           4           3           6           5           8           7          15          16          13          14          11          12           9          10
           3           4           1           2           7           8           5           6          14          13          16          15          10           9          12          11
           4           3           2           1           8           7           6           5          13          14          15          16           9          10          11          12
           5           6           7           8           1           2           3           4          12          11          10           9          16          15          14          13
           6           5           8           7           2           1           4           3          11          12           9          10          15          16          13          14
           7           8           5           6           3           4           1           2          10           9          12          11          14          13          16          15
           8           7           6           5           4           3           2           1           9          10          11          12          13          14          15          16
           9          10          13          14          11          12          15          16           4           3           8           7           2           1           6           5
          10           9          14          13          12          11          16          15           3           4           7           8           1           2           5           6
          11          12          15          16           9          10          13          14           2           1           6           5           4           3           8           7
          12          11          16          15          10           9          14          13           1           2           5           6           3           4           7           8
          13          14           9          10          15          16          11          12           8           7           4           3           6           5           2           1
          14          13          10           9          16          15          12          11           7           8           3           4           5           6           1           2
          15          16          11          12          13          14           9          10           6           5           2           1           8           7           4           3
          16          15          12          11          14          13          10           9           5           6           1           2           7           8           3           4
           9          10          13          14          11          12          15          16           5           6           1           2           7           8           3           4
          10           9          14          13          12          11          16          15           6           5           2           1           8           7           4           3
          11          12          15          16           9          10          13          14           7           8           3           4           5           6           1           2
          12          11          16          15          10           9          14          13           8           7           4           3           6           5           2           1
          13          14           9          10          15          16          11          12           1           2           5           6           3           4           7           8
          14          13          10           9          16          15          12          11           2           1           6           5           4           3           8           7
          15          16          11          12          13          14           9          10           3           4           7           8           1           2           5           6
          16          15          12          11          14          13          10           9           4           3           8           7           2           1           6           5
           1           2           3           4           5           6           7           8          15          16          13          14          11          12           9          10
           2           1           4           3           6           5           8           7          16          15          14          13          12          11          10           9
           3           4           1           2           7           8           5           6          13          14          15          16           9          10          11          12
           4           3           2           1           8           7           6           5          14          13          16          15          10           9          12          11
           5           6           7           8           1           2           3           4          11          12           9          10          15          16          13          14
           6           5           8           7           2           1           4           3          12          11          10           9          16          15          14          13
           7           8           5           6           3           4           1           2           9          10          11          12          13          14          15          16
           8           7           6           5           4           3           2           1          10           9          12          11          14          13          16          15
           1           2           3           4           5           6           7           8          10           9          12          11          14          13          16          15
           2           1           4           3           6           5           8           7           9          10          11          12          13          14          15          16
           3           4           1           2           7           8           5           6          12          11          10           9          16          15          14          13
           4           3           2           1           8           7           6           5          11          12           9          10          15          16          13          14
           5           6           7           8           1           2           3           4          14          13          16          15          10           9          12          11
           6           5           8           7           2           1           4           3          13          14          15          16           9          10          11          12
           7           8           5           6           3           4           1           2          16          15          14          13          12          11          10           9
           8           7           6           5           4           3           2           1          15          16          13          14          11          12           9          10
           9          10          13          14          11          12          15          16           6           5           2           1           8           7           4           3
          10           9          14          13          12          11          16          15           5           6           1           2           7           8           3           4
          11          12          15          16           9          10          13          14           8           7           4           3           6           5           2           1
          12          11          16          15          10           9          14          13           7           8           3           4           5           6           1           2
          13          14           9          10          15          16          11          12           2           1           6           5           4           3           8           7
          14          13          10           9          16          15          12          11           1           2           5           6           3           4           7           8
          15          16          11          12          13          14           9          10           4           3           8           7           2           1           6           5
          16          15          12          11          14          13          10           9           3           4           7           8           1           2           5           6
           9          10          13          14          11          12          15          16           3           4           7           8           1           2           5           6
          10           9          14          13          12          11          16          15           4           3           8           7           2           1           6           5
          11          12          15          16           9          10          13          14           1           2           5           6           3           4           7           8
          12          11          16          15          10           9          14          13           2           1           6           5           4           3           8           7
          13          14           9          10          15          16          11          12           7           8           3           4           5           6           1           2
          14          13          10           9          16          15          12          11           8           7           4           3           6           5           2           1
          15          16          11          12          13          14           9          10           5           6           1           2           7           8           3           4
          16          15          12          11          14          13          10           9           6           5           2           1           8           7           4           3
           9          10          11          12          13          14          15          16           5           6           7           8           1           2           3           4
          10           9          12          11          14          13          16          15           6           5           8           7           2           1           4           3
          11          12           9          10          15          16          13          14           7           8           5           6           3           4           1           2
          12          11          10           9          16          15          14          13           8           7           6           5           4           3           2           1
          13          14          15          16           9          10          11          12           1           2           3           4           5           6           7           8
          14          13          16          15          10           9          12          11           2           1           4           3           6           5           8           7
          15          16          13          14          11          12           9          10           3           4           1           2           7           8           5           6
          16          15          14          13          12          11          10           9           4           3           2           1           8           7           6           5
           9          10          11          12          13          14          15          16           4           3           2           1           8           7           6           5
          10           9          12          11          14          13          16          15           3           4           1           2           7           8           5           6
          11          12           9          10          15          16          13          14           2           1           4           3           6           5           8           7
          12          11          10           9          16          15          14          13           1           2           3           4           5           6           7           8
          13          14          15          16           9          10          11          12           8           7           6           5           4           3           2           1
          14          13          16          15          10           9          12          11           7           8           5           6           3           4           1           2
          15          16          13          14          11          12           9          10           6           5           8           7           2           1           4           3
          16          15          14          13          12          11          10           9           5           6           7           8           1           2           3           4
           1           2           5           6           3           4           7           8          16          15          12          11          14          13          10           9
           2           1           6           5           4           3           8           7          15          16          11          12          13          14           9          10
           3           4           7           8           1           2           5           6          14          13          10           9          16          15          12          11
           4           3           8           7           2           1           6           5          13          14           9          10          15          16          11          12
           5           6           1           2           7           8           3           4          12          11          16          15          10           9          14          13
           6           5           2           1           8           7           4           3          11          12          15          16           9          10          13          14
           7           8           3           4           5           6           1           2          10           9          14          13          12          11          16          15
           8           7           4           3           6           5           2           1           9          10          13          14          11          12          15          16
           1           2           5           6           3           4           7           8           9          10          13          14          11          12          15          16
           2           1           6           5           4           3           8           7          10           9          14          13          12          11          16          15
           3           4           7           8           1           2           5           6          11          12          15          16           9          10          13          14
           4           3           8           7           2           1           6           5          12          11          16          15          10           9          14          13
           5           6           1           2           7           8           3           4          13          14           9          10          15          16          11          12
           6           5           2           1           8           7           4           3          14          13          10           9          16          15          12          11
           7           8           3           4           5           6           1           2          15          16          11          12          13          14           9          10
           8           7           4           3           6           5           2           1          16          15          12          11          14          13          10           9
           9          10          11          12          13          14          15          16           3           4           1           2           7           8           5           6
          10           9          12          11          14          13          16          15           4           3           2           1           8           7           6           5
          11          12           9          10          15          16          13          14           1           2           3           4           5           6           7           8
          12          11          10           9          16          15          14          13           2           1           4           3           6           5           8           7
          13          14          15          16           9          10          11          12           7           8           5           6           3           4           1           2
          14          13          16          15          10           9          12          11           8           7           6           5           4           3           2           1
          15          16          13          14          11          12           9          10           5           6           7           8           1           2           3           4
          16          15          14          13          12          11          10           9           6           5           8           7           2           1           4           3
           9          10          11          12          13          14          15          16           6           5           8           7           2           1           4           3
          10           9          12          11          14          13          16          15           5           6           7           8           1           2           3           4
          11          12           9          10          15          16          13          14           8           7           6           5           4           3           2           1
          12          11          10           9          16          15          14          13           7           8           5           6           3           4           1           2
          13          14          15          16           9          10          11          12           2           1           4           3           6           5           8           7
          14          13          16          15          10           9          12          11           1           2           3           4           5           6           7           8
          15          16          13          14          11          12           9          10           4           3           2           1           8           7           6           5
          16          15          14          13          12          11          10           9           3           4           1           2           7           8           5           6
           1           2           5           6           3           4           7           8          10           9          14          13          12          11          16          15
           2           1           6           5           4           3           8           7           9          10          13          14          11          12          15          16
           3           4           7           8           1           2           5           6          12          11          16          15          10           9          14          13
           4           3           8           7           2           1           6           5          11          12          15          16           9          10          13          14
           5           6           1           2           7           8           3           4          14          13          10           9          16          15          12          11
           6           5           2           1           8           7           4           3          13          14           9          10          15          16          11          12
           7           8           3           4           5           6           1           2          16          15          12          11          14          13          10           9
           8           7           4           3           6           5           2           1          15          16          11          12          13          14           9          10
           1           2           5           6           3           4           7           8          15          16          11          12          13          14           9          10
           2           1           6           5           4           3           8           7          16          15          12          11          14          13          10           9
           3           4           7           8           1           2           5           6          13          14           9          10          15          16          11          12
           4           3           8           7           2           1           6           5          14          13          10           9          16          15          12          11
           5           6           1           2           7           8           3           4          11          12          15          16           9          10          13          14
           6           5           2           1           8           7           4           3          12          11          16          15          10           9          14          13
           7           8           3           4           5           6           1           2           9          10          13          14          11          12          15          16
           8           7           4           3           6           5           2           1          10           9          14          13          12          11          16          15
         128          32
           1           2           3           4           5           6           7           8           9          10          11          12          13          14          15          16          17          18          19          20          21          22          23          24          25          26          27          28          29          30          31          32
           2           1           4           3           6           5           8           7          10           9          12          11          14          13          16          15          18          17          20          19          22          21          24          23          26          25          28          27          30          29          32          31
           3           4           1           2           7           8           5           6          11          12           9          10          15          16          13          14          19          20          17          18          23          24          21          22          27          28          25          26          31          32          29          30
           4           3           2           1           8           7           6           5          12          11          10           9          16          15          14          13          20          19          18          17          24          23          22          21          28          27          26          25          32          31          30          29
           5           6           7           8           1           2           3           4          13          14          15          16           9          10          11          12          21          22          23          24          17          18          19          20          29          30          31          32          25          26          27          28
           6           5           8           7           2           1           4           3          14          13          16          15          10           9          12          11          22          21          24          23          18          17          20          19          30          29          32          31          26          25          28          27
           7           8           5           6           3           4           1           2          15          16          13          14          11          12           9          10          23          24          21          22          19          20          17          18          31          32          29          30          27          28          25          26
           8           7           6           5           4           3           2           1          16          15          14          13          12          11          10           9          24          23          22          21          20          19          18          17          32          31          30          29          28          27          26          25
          15          16          13          14          11          12           9          10           7           8           5           6           3           4           1           2          32          31          30          29          28          27          26          25          24          23          22          21          20          19          18          17
          16          15          14          13          12          11          10           9           8           7           6           5           4           3           2           1          31          32          29          30          27          28          25          26          23          24          21          22          19          20          17          18
          13          14          15          16           9          10          11          12           5           6           7           8           1           2           3           4          30          29          32          31          26          25          28          27          22          21          24          23          18          17          20          19
          14          13          16          15          10           9          12          11           6           5           8           7           2           1           4           3          29          30          31          32          25          26          27          28          21          22          23          24          17          18          19          20
          11          12           9          10          15          16          13          14           3           4           1           2           7           8           5           6          28          27          26          25          32          31          30          29          20          19          18          17          24          23          22          21
          12          11          10           9          16          15          14          13           4           3           2           1           8           7           6           5          27          28          25          26          31          32          29          30          19          20          17          18          23          24          21          22
           9          10          11          12          13          14          15          16           1           2           3           4           5           6           7           8          26          25          28          27          30          29          32          31          18          17          20          19          22          21          24          23
          10           9          12          11          14          13          16          15           2           1           4           3           6           5           8           7          25          26          27          28          29          30          31          32          17          18          19          20          21          22          23          24
          17          18          21          22          19          20          23          24          31          32          27          28          29          30          25          26          14          13          10           9          16          15          12          11           4           3           8           7           2           1           6           5
          18          17          22          21          20          19          24          23          32          31          28          27          30          29          26          25          13          14           9          10          15          16          11          12           3           4           7           8           1           2           5           6
          19          20          23          24          17          18          21          22          29          30          25          26          31          32          27          28          16          15          12          11          14          13          10           9           2           1           6           5           4           3           8           7
          20          19          24          23          18          17          22          21          30          29          26          25          32          31          28          27          15          16          11          12          13          14           9          10           1           2           5           6           3           4           7           8
          21          22          17          18          23          24          19          20          27          28          31          32          25          26          29          30          10           9          14          13          12          11          16          15           8           7           4           3           6           5           2           1
          22          21          18          17          24          23          20          19          28          27          32          31          26          25          30          29           9          10          13          14          11          12          15          16           7           8           3           4           5           6           1           2
          23          24          19          20          21          22          17          18          25          26          29          30          27          28          31          32          12          11          16          15          10           9          14          13           6           5           2           1           8           7           4           3
          24          23          20          19          22          21          18          17          26          25          30          29          28          27          32          31          11          12          15          16           9          10          13          14           5           6           1           2           7           8           3           4
          25          26          29          30          27          28          31          32          23          24          19          20          21          22          17          18           5           6           1           2           7           8           3           4          11          12          15          16           9          10          13          14
          26          25          30          29          28          27          32          31          24          23          20          19          22          21          18          17           6           5           2           1           8           7           4           3          12          11          16          15          10           9          14          13
          27          28          31          32          25          26          29          30          21          22          17          18          23          24          19          20           7           8           3           4           5           6           1           2           9          10          13          14          11          12          15          16
          28          27          32          31          26          25          30          29          22          21          18          17          24          23          20          19           8           7           4           3           6           5           2           1          10           9          14          13          12          11          16          15
          29          30          25          26          31          32          27          28          19          20          23          24          17          18          21          22           1           2           5           6           3           4           7           8          15          16          11          12          13          14           9          10
          30          29          26          25          32          31          28          27          20          19          24          23          18          17          22          21           2           1           6           5           4           3           8           7          16          15          12          11          14          13          10           9
          31          32          27          28          29          30          25          26          17          18          21          22          19          20          23          24           3           4           7           8           1           2           5           6          13          14           9          10          15          16          11          12
          32          31          28          27          30          29          26          25          18          17          22          21          20          19          24          23           4           3           8           7           2           1           6           5          14          13          10           9          16          15          12          11
          15          16          13          14          11          12           9          10           7           8           5           6           3           4           1           2          31          32          29          30          27          28          25          26          23          24          21          22          19          20          17          18
          16          15          14          13          12          11          10           9           8           7           6           5           4           3           2           1          32          31          30          29          28          27          26          25          24          23          22          21          20          19          18          17
          13          14          15          16           9          10          11          12           5           6           7           8           1           2           3           4          29          30          31          32          25          26          27          28          21          22          23          24          17          18          19          20
          14          13          16          15          10           9          12          11           6           5           8           7           2           1           4           3          30          29          32          31          26          25          28          27          22          21          24          23          18          17          20          19
          11          12           9          10          15          16          13          14           3           4           1           2           7           8           5           6          27          28          25          26          31          32          29          30          19          20          17          18          23          24          21          22
          12          11          10           9          16          15          14          13           4           3           2           1           8           7           6           5          28          27          26          25          32          31          30          29          20          19          18          17          24          23          22          21
           9          10          11          12          13          14          15          16           1           2           3           4           5           6           7           8          25          26          27          28          29          30          31          32          17          18          19          20          21          22          23          24
          10           9          12          11          14          13          16          15           2           1           4           3           6           5           8           7          26          25          28          27          30          29          32          31          18          17          20          19          22          21          24          23
           1           2           3           4           5           6           7           8           9          10          11          12          13          14          15          16          18          17          20          19          22          21          24          23          26          25          28          27          30          29          32          31
           2           1           4           3           6           5           8           7          10           9          12          11          14          13          16          15          17          18          19          20          21          22          23          24          25          26          27          28          29          30          31          32
           3           4           1           2           7           8           5           6          11          12           9          10          15          16          13          14          20          19          18          17          24          23          22          21          28          27          26          25          32          31          30          29
           4           3           2           1           8           7           6           5          12          11          10           9          16          15          14          13          19          20          17          18          23          24          21          22          27          28          25          26          31          32          29          30
           5           6           7           8           1           2           3           4          13          14          15          16           9          10          11          12          22          21          24          23          18          17          20          19          30          29          32          31          26          25          28          27
           6           5           8           7           2           1           4           3          14          13          16          15          10           9          12          11          21          22          23          24          17          18          19          20          29          30          31          32          25          26          27          28
           7           8           5           6           3           4           1           2          15          16          13          14          11          12           9          10          24          23          22          21          20          19          18          17          32          31          30          29          28          27          26          25
           8           7           6           5           4           3           2           1          16          15          14          13          12          11          10           9          23          24          21          22          19          20          17          18          31          32          29          30          27          28          25          26
          25          26          29          30          27          28          31          32          23          24          19          20          21          22          17          18           6           5           2           1           8           7           4           3          12          11          16          15          10           9          14          13
          26          25          30          29          28          27          32          31          24          23          20          19          22          21          18          17           5           6           1           2           7           8           3           4          11          12          15          16           9          10          13          14
          27          28          31          32          25          26          29          30          21          22          17          18          23          24          19          20           8           7           4           3           6           5           2           1          10           9          14          13          12          11          16          15
          28          27          32          31          26          25          30          29          22          21          18          17          24          23          20          19           7           8           3           4           5           6           1           2           9          10          13          14          11          12          15          16
          29          30          25          26          31          32          27          28          19          20          23          24          17          18          21          22           2           1           6           5           4           3           8           7          16          15          12          11          14          13          10           9
          30          29          26          25          32          31          28          27          20          19          24          23          18          17          22          21           1           2           5           6           3           4           7           8          15          16          11          12          13          14           9          10
          31          32          27          28          29          30          25          26          17          18          21          22          19          20          23          24           4           3           8           7           2           1           6           5          14          13          10           9          16          15          12          11
          32          31          28          27          30          29          26          25          18          17          22          21          20          19          24          23           3           4           7           8           1           2           5           6          13          14           9          10          15          16          11          12
          17          18          21          22          19          20          23          24          31          32          27          28          29          30          25          26          13          14           9          10          15          16          11          12           3           4           7           8           1           2           5           6
          18          17          22          21          20          19          24          23          32          31          28          27          30          29          26          25          14          13          10           9          16          15          12          11           4           3           8           7           2           1           6           5
          19          20          23          24          17          18          21          22          29          30          25          26          31          32          27          28          15          16          11          12          13          14           9          10           1           2           5           6           3           4           7           8
          20          19          24          23          18          17          22          21          30          29          26          25          32          31          28          27          16          15          12          11          14          13          10           9           2           1           6           5           4           3           8           7
          21          22          17          18          23          24          19          20          27          28          31          32          25          26          29          30           9          10          13          14          11          12          15          16           7           8           3           4           5           6           1           2
          22          21          18          17          24          23          20          19          28          27          32          31          26          25          30          29          10           9          14          13          12          11          16          15           8           7           4           3           6           5           2           1
          23          24          19          20          21          22          17          18          25          26          29          30          27          28          31          32          11          12          15          16           9          10          13          14           5           6           1           2           7           8           3           4
          24          23          20          19          22          21          18          17          26          25          30          29          28          27          32          31          12          11          16          15          10           9          14          13           6           5           2           1           8           7           4           3
          25          26          27          28          29          30          31          32          23          24          21          22          19          20          17          18          11          12           9          10          15          16          13          14           5           6           7           8           1           2           3           4
          26          25          28          27          30          29          32          31          24          23          22          21          20          19          18          17          12          11          10           9          16          15          14          13           6           5           8           7           2           1           4           3
          27          28          25          26          31          32          29          30          21          22          23          24          17          18          19          20           9          10          11          12          13          14          15          16           7           8           5           6           3           4           1           2
          28          27          26          25          32          31          30          29          22          21          24          23          18          17          20          19          10           9          12          11          14          13          16          15           8           7           6           5           4           3           2           1
          29          30          31          32          25          26          27          28          19          20          17          18          23          24          21          22          15          16          13          14          11          12           9          10           1           2           3           4           5           6           7           8
          30          29          32          31          26          25          28          27          20          19          18          17          24          23          22          21          16          15          14          13          12          11          10           9           2           1           4           3           6           5           8           7
          31          32          29          30          27          28          25          26          17          18          19          20          21          22          23          24          13          14          15          16           9          10          11          12           3           4           1           2           7           8           5           6
          32          31          30          29          28          27          26          25          18          17          20          19          22          21          24          23          14          13          16          15          10           9          12          11           4           3           2           1           8           7           6           5
          17          18          19          20          21          22          23          24          31          32          29          30          27          28          25          26           4           3           2           1           8           7           6           5          14          13          16          15          10           9          12          11
          18          17          20          19          22          21          24          23          32          31          30          29          28          27          26          25           3           4           1           2           7           8           5           6          13          14          15          16           9          10          11          12
          19          20          17          18          23          24          21          22          29          30          31          32          25          26          27          28           2           1           4           3           6           5           8           7          16          15          14          13          12          11          10           9
          20          19          18          17          24          23          22          21          30          29          32          31          26          25          28          27           1           2           3           4           5           6           7           8          15          16          13          14          11          12           9          10
          21          22          23          24          17          18          19          20          27          28          25          26          31          32          29          30           8           7           6           5           4           3           2           1          10           9          12          11          14          13          16          15
          22          21          24          23          18          17          20          19          28          27          26          25          32          31          30          29           7           8           5           6           3           4           1           2           9          10          11          12          13          14          15          16
          23          24          21          22          19          20          17          18          25          26          27          28          29          30          31          32           6           5           8           7           2           1           4           3          12          11          10           9          16          15          14          13
          24          23          22          21          20          19          18          17          26          25          28          27          30          29          32          31           5           6           7           8           1           2           3           4          11          12           9          10          15          16          13          14
          15          16          11          12          13          14           9          10           7           8           3           4           5           6           1           2          24          23          20          19          22          21          18          17          32          31          28          27          30          29          26          25
          16          15          12          11          14          13          10           9           8           7           4           3           6           5           2           1          23          24          19          20          21          22          17          18          31          32          27          28          29          30          25          26
          13          14           9          10          15          16          11          12           5           6           1           2           7           8           3           4          22          21          18          17          24          23          20          19          30          29          26          25          32          31          28          27
          14          13          10           9          16          15          12          11           6           5           2           1           8           7           4           3          21          22          17          18          23          24          19          20          29          30          25          26          31          32          27          28
          11          12          15          16           9          10          13          14           3           4           7           8           1           2           5           6          20          19          24          23          18          17          22          21          28          27          32          31          26          25          30          29
          12          11          16          15          10           9          14          13           4           3           8           7           2           1           6           5          19          20          23          24          17          18          21          22          27          28          31          32          25          26          29          30
           9          10          13          14          11          12          15          16           1           2           5           6           3           4           7           8          18          17          22          21          20          19          24          23          26          25          30          29          28          27          32          31
          10           9          14          13          12          11          16          15           2           1           6           5           4           3           8           7          17          18          21          22          19          20          23          24          25          26          29          30          27          28          31          32
           1           2           5           6           3           4           7           8           9          10          13          14          11          12          15          16          25          26          29          30          27          28          31          32          17          18          21          22          19          20          23          24
           2           1           6           5           4           3           8           7          10           9          14          13          12          11          16          15          26          25          30          29          28          27          32          31          18          17          22          21          20          19          24          23
           3           4           7           8           1           2           5           6          11          12          15          16           9          10          13          14          27          28          31          32          25          26          29          30          19          20          23          24          17          18          21          22
           4           3           8           7           2           1           6           5          12          11          16          15          10           9          14          13          28          27          32          31          26          25          30          29          20          19          24          23          18          17          22          21
           5           6           1           2           7           8           3           4          13          14           9          10          15          16          11          12          29          30          25          26          31          32          27          28          21          22          17          18          23          24          19          20
           6           5           2           1           8           7           4           3          14          13          10           9          16          15          12          11          30          29          26          25          32          31          28          27          22          21          18          17          24          23          20          19
           7           8           3           4           5           6           1           2          15          16          11          12          13          14           9          10          31          32          27          28          29          30          25          26          23          24          19          20          21          22          17          18
           8           7           4           3           6           5           2           1          16          15          12          11          14          13          10           9          32          31          28          27          30          29          26          25          24          23          20          19          22          21          18          17
          17          18          19          20          21          22          23          24          31          32          29          30          27          28          25          26           3           4           1           2           7           8           5           6          13          14          15          16           9          10          11          12
          18          17          20          19          22          21          24          23          32          31          30          29          28          27          26          25           4           3           2           1           8           7           6           5          14          13          16          15          10           9          12          11
          19          20          17          18          23          24          21          22          29          30          31          32          25          26          27          28           1           2           3           4           5           6           7           8          15          16          13          14          11          12           9          10
          20          19          18          17          24          23          22          21          30          29          32          31          26          25          28          27           2           1           4           3           6           5           8           7          16          15          14          13          12          11          10           9
          21          22          23          24          17          18          19          20          27          28          25          26          31          32          29          30           7           8           5           6           3           4           1           2           9          10          11          12          13          14          15          16
          22          21          24          23          18          17          20          19          28          27          26          25          32          31          30          29           8           7           6           5           4           3           2           1          10           9          12          11          14          13          16          15
          23          24          21          22          19          20          17          18          25          26          27          28          29          30          31          32           5           6           7           8           1           2           3           4          11          12           9          10          15          16          13          14
          24          23          22          21          20          19          18          17          26          25          28          27          30          29          32          31           6           5           8           7           2           1           4           3          12          11          10           9          16          15          14          13
          25          26          27          28          29          30          31          32          23          24          21          22          19          20          17          18          12          11          10           9          16          15          14          13           6           5           8           7           2           1           4           3
          26          25          28          27          30          29          32          31          24          23          22          21          20          19          18          17          11          12           9          10          15          16          13          14           5           6           7           8           1           2           3           4
          27          28          25          26          31          32          29          30          21          22          23          24          17          18          19          20          10           9          12          11          14          13          16          15           8           7           6           5           4           3           2           1
          28          27          26          25          32          31          30          29          22          21          24          23          18          17          20          19           9          10          11          12          13          14          15          16           7           8           5           6           3           4           1           2
          29          30          31          32          25          26          27          28          19          20          17          18          23          24          21          22          16          15          14          13          12          11          10           9           2           1           4           3           6           5           8           7
          30          29          32          31          26          25          28          27          20          19          18          17          24          23          22          21          15          16          13          14          11          12           9          10           1           2           3           4           5           6           7           8
          31          32          29          30          27          28          25          26          17          18          19          20          21          22          23          24          14          13          16          15          10           9          12          11           4           3           2           1           8           7           6           5
          32          31          30          29          28          27          26          25          18          17          20          19          22          21          24          23          13          14          15          16           9          10          11          12           3           4           1           2           7           8           5           6
           1           2           5           6           3           4           7           8           9          10          13          14          11          12          15          16          26          25          30          29          28          27          32          31          18          17          22          21          20          19          24          23
           2           1           6           5           4           3           8           7          10           9          14          13          12          11          16          15          25          26          29          30          27          28          31          32          17          18          21          22          19          20          23          24
           3           4           7           8           1           2           5           6          11          12          15          16           9          10          13          14          28          27          32          31          26          25          30          29          20          19          24          23          18          17          22          21
           4           3           8           7           2           1           6           5          12          11          16          15          10           9          14          13          27          28          31          32          25          26          29          30          19          20          23          24          17          18          21          22
           5           6           1           2           7           8           3           4          13          14           9          10          15          16          11          12          30          29          26          25          32          31          28          27          22          21          18          17          24          23          20          19
           6           5           2           1           8           7           4           3          14          13          10           9          16          15          12          11          29          30          25          26          31          32          27          28          21          22          17          18          23          24          19          20
           7           8           3           4           5           6           1           2          15          16          11          12          13          14           9          10          32          31          28          27          30          29          26          25          24          23          20          19          22          21          18          17
           8           7           4           3           6           5           2           1          16          15          12          11          14          13          10           9          31          32          27          28          29          30          25          26          23          24          19          20          21          22          17          18
          15          16          11          12          13          14           9          10           7           8           3           4           5           6           1           2          23          24          19          20          21          22          17          18          31          32          27          28          29          30          25          26
          16          15          12          11          14          13          10           9           8           7           4           3           6           5           2           1          24          23          20          19          22          21          18          17          32          31          28          27          30          29          26          25
          13          14           9          10          15          16          11          12           5           6           1           2           7           8           3           4          21          22          17          18          23          24          19          20          29          30          25          26          31          32          27          28
          14          13          10           9          16          15          12          11           6           5           2           1           8           7           4           3          22          21          18          17          24          23          20          19          30          29          26          25          32          31          28          27
          11          12          15          16           9          10          13          14           3           4           7           8           1           2           5           6          19          20          23          24          17          18          21          22          27          28          31          32          25          26          29          30
          12          11          16          15          10           9          14          13           4           3           8           7           2           1           6           5          20          19          24          23          18          17          22          21          28          27          32          31          26          25          30          29
           9          10          13          14          11          12          15          16           1           2           5           6           3           4           7           8          17          18          21          22          19          20          23          24          25          26          29          30          27          28          31          32
          10           9          14          13          12          11          16          15           2           1           6           5           4           3           8           7          18          17          22          21          20          19          24          23          26          25          30          29          28          27          32          31
