# SOD ENSEMBLE format version 2
          12 substitutions in           24 sites
                    99 configurations
     1         1  1  2  5  6  9  10  11  12  17  18  19  20
     2         1  1  3  5  7  10  12  14  16  18  20  22  24
     3         1  1  2  3  4  5  6  7  11  14  16  18  22
     4         1  1  2  3  4  5  6  9  13  14  17  18  20
     5         1  1  2  3  5  6  11  14  15  16  19  20  24
     6         1  1  2  3  6  8  9  12  14  16  20  21  24
     7         1  1  2  3  5  6  11  12  13  15  18  19  22
     8         1  1  2  3  5  7  9  11  13  18  19  20  22
     9         1  1  2  3  4  5  9  10  15  16  19  22  23
    10         1  1  2  3  4  9  12  13  15  17  19  22  23
    11         1  1  2  3  5  8  11  14  15  16  18  21  23
    12         1  1  2  3  5  6  8  11  12  16  20  22  23
    13         1  1  2  3  4  5  9  10  12  13  14  22  23
    14         1  1  2  3  5  6  7  9  13  18  19  20  23
    15         1  1  2  3  4  5  6  9  11  13  15  18  24
    16         1  1  2  3  4  5  9  12  15  16  19  22  23
    17         1  1  2  3  5  6  9  10  13  17  18  19  20
    18         1  1  2  3  5  6  9  10  13  14  17  23  24
    19         1  1  2  3  5  8  9  12  18  19  22  23  24
    20         1  1  2  3  4  9  11  13  14  15  18  20  23
    21         1  1  2  3  4  5  8  9  17  18  19  20  21
    22         1  1  2  3  5  7  9  12  13  15  16  19  21
    23         1  1  2  3  5  6  11  15  16  17  20  21  22
    24         1  1  2  3  4  9  11  13  14  15  17  20  24
    25         1  1  2  3  5  9  13  14  15  20  21  23  24
    26         1  1  2  3  5  6  7  10  16  19  20  22  24
    27         1  1  2  3  5  9  11  12  14  15  17  20  21
    28         1  1  2  3  6  8  10  12  15  17  18  19  24
    29         1  1  2  3  5  7  10  12  14  15  20  23  24
    30         1  1  2  3  5  7  9  11  13  15  22  23  24
    31         1  1  2  5  8  9  11  13  15  18  20  22  24
    32         1  1  2  3  5  8  9  12  14  15  18  22  23
    33         1  1  2  3  5  8  9  12  14  17  18  22  23
    34         1  1  2  3  5  6  9  11  13  15  18  22  24
    35         1  1  2  3  5  9  12  14  15  16  20  22  23
    36         1  1  2  3  6  8  9  11  16  18  19  23  24
    37         1  1  2  3  5  7  9  11  13  16  17  20  23
    38         1  1  2  3  5  9  10  11  13  17  18  20  23
    39         1  1  2  3  4  5  9  10  12  15  17  22  23
    40         1  1  2  3  5  8  14  16  17  20  21  23  24
    41         1  1  2  3  4  5  6  7  10  11  12  16  21
    42         1  1  2  3  5  8  10  13  15  16  18  22  23
    43         1  1  2  3  5  6  9  10  15  17  20  22  24
    44         1  1  2  3  5  6  9  10  11  18  19  20  23
    45         1  1  2  3  5  6  10  12  14  15  18  20  22
    46         1  1  2  3  5  6  9  11  12  16  20  21  24
    47         1  1  2  3  5  6  10  12  13  15  21  23  24
    48         1  1  2  3  6  8  12  13  14  15  18  19  20
    49         1  1  2  3  4  5  9  14  17  18  19  21  24
    50         1  1  2  3  5  8  9  10  11  12  22  23  24
    51         1  1  2  3  5  6  8  9  13  15  18  23  24
    52         1  1  2  3  6  8  10  12  13  17  20  22  24
    53         1  1  2  3  6  9  10  11  12  17  19  20  22
    54         1  1  2  3  5  6  8  9  11  12  14  15  20
    55         1  1  2  3  4  5  7  9  10  15  16  21  24
    56         1  1  2  3  4  9  10  11  13  17  19  23  24
    57         1  1  2  3  6  9  10  13  14  18  19  22  24
    58         1  1  2  3  5  6  9  10  11  13  17  20  22
    59         1  1  2  3  4  9  10  11  16  19  22  23  24
    60         1  1  3  5  8  9  12  14  15  18  20  22  23
    61         1  1  3  6  8  9  11  14  16  18  20  21  23
    62         1  1  2  3  4  9  10  15  16  17  18  21  22
    63         1  1  2  5  6  9  10  11  13  17  18  19  20
    64         1  1  3  5  7  9  11  13  15  17  19  21  23
    65         1  1  2  3  5  6  10  14  16  17  19  21  23
    66         1  1  2  3  4  5  6  9  15  16  19  20  23
    67         1  1  2  3  5  7  9  10  14  17  18  19  23
    68         1  1  2  3  6  8  9  12  14  16  18  22  23
    69         1  1  2  5  6  9  10  11  13  17  18  20  23
    70         1  1  2  3  5  6  9  10  13  14  17  19  20
    71         1  1  2  3  5  6  12  14  15  17  20  23  24
    72         1  1  2  3  4  5  10  13  15  16  19  20  24
    73         1  1  2  3  5  6  10  11  13  15  16  20  22
    74         1  1  2  3  5  6  10  12  14  15  18  22  24
    75         1  1  2  3  5  6  8  10  11  15  16  18  21
    76         1  1  2  3  5  8  9  12  16  18  20  21  23
    77         1  1  2  3  5  6  12  13  14  15  17  21  22
    78         1  1  2  3  5  6  12  13  14  17  19  21  24
    79         1  1  2  3  4  9  10  11  14  15  19  20  22
    80         1  1  2  3  6  8  9  10  11  17  19  21  24
    81         1  1  2  3  4  5  7  9  10  11  16  18  21
    82         1  1  2  3  5  8  9  10  11  17  18  23  24
    83         1  1  2  3  4  5  8  9  10  14  16  19  22
    84         1  1  2  3  5  6  7  11  15  18  19  20  22
    85         1  1  2  3  5  8  9  10  16  20  21  22  23
    86         1  1  2  3  5  8  11  12  14  16  17  19  22
    87         1  1  2  3  5  6  8  9  10  14  18  21  22
    88         1  1  2  3  5  9  10  13  16  17  18  22  24
    89         1  1  2  3  5  9  13  14  16  17  18  19  24
    90         1  1  2  3  4  5  9  11  12  14  17  22  24
    91         1  1  2  3  5  6  7  10  15  16  21  22  23
    92         1  1  2  3  5  6  8  9  10  15  20  22  24
    93         1  1  2  3  4  5  6  9  15  16  20  21  22
    94         1  1  2  3  5  6  9  10  11  12  16  21  24
    95         1  1  2  3  5  6  8  9  10  13  17  18  24
    96         1  1  2  3  4  5  6  9  11  13  17  19  23
    97         1  1  2  3  5  7  9  12  14  15  20  21  24
    98         1  1  2  3  5  6  9  10  17  18  19  20  22
    99         1  1  2  3  5  8  9  10  11  13  16  19  20
