1  -66311.944510
2  -66311.978423
3  -66311.949635
4  -66311.915601
5  -66311.910935
6  -66311.931921
7  -66311.964582
8  -66311.943232
9  -66311.961520
10  -66311.974539
11  -66311.988271
12  -66311.969204
13  -66311.978970
14  -66311.954545
15  -66311.948789
16  -66311.975010
17  -66311.979408
18  -66311.979305
19  -66311.985543
20  -66311.972254
21  -66311.932999
22  -66311.951948
23  -66311.913080
24  -66311.924321
25  -66311.933765
26  -66311.949636
27  -66311.956740
28  -66311.948692
29  -66311.963763
30  -66311.925039
31  -66311.926076
32  -66311.942193
33  -66311.955340
34  -66311.932409
35  -66311.945840
36  -66311.962316
37  -66311.940512
38  -66311.949443
39  -66311.969839
40  -66311.932755
41  -66311.969164
42  -66311.967745
43  -66311.966656
44  -66311.991431
45  -66311.968410
46  -66311.977140
47  -66311.961191
48  -66311.991847
49  -66311.997700
50  -66311.978403
51  -66311.980072
52  -66311.967133
53  -66311.910346
54  -66311.934318
55  -66311.938640
56  -66311.943366
57  -66311.930530
58  -66311.953661
59  -66311.953121
60  -66311.964003
61  -66311.962704
62  -66311.932162
63  -66311.993627
64  -66312.024156
65  -66312.001948
66  -66312.021335
67  -66312.010077
68  -66311.996305
69  -66312.026072
70  -66312.012148
71  -66312.023029
72  -66311.988483
73  -66312.020803
74  -66311.984028
75  -66312.036214
76  -66311.989058
77  -66311.999177
78  -66311.952006
79  -66311.978823
80  -66311.974487
81  -66312.000742
82  -66312.070700
