# SOD OUTSOD format version 2
           9  substitutions in           16 sites
                   82  configurations
     1    192   17   18   19   20   21   22   23   24   25
     2     48   17   18   19   20   21   22   23   24   29
     3     96   17   18   19   20   21   22   23   24   30
     4     96   17   18   19   20   21   22   23   25   26
     5     48   17   18   19   20   21   22   23   25   27
     6     96   17   18   19   20   21   22   23   25   28
     7     96   17   18   19   20   21   22   24   25   26
     8    192   17   18   19   20   21   22   24   25   27
     9    192   17   18   19   20   21   22   24   25   28
    10    192   17   18   19   20   21   22   24   25   29
    11    192   17   18   19   20   21   22   24   25   30
    12    192   17   18   19   20   21   22   24   25   31
    13    192   17   18   19   20   21   22   24   25   32
    14    192   17   18   19   20   21   22   24   27   29
    15    192   17   18   19   20   21   22   24   27   30
    16    192   17   18   19   20   21   22   24   27   32
    17    192   17   18   19   20   21   22   24   29   30
    18    192   17   18   19   20   21   22   24   29   31
    19     96   17   18   19   20   21   22   24   29   32
    20     96   17   18   19   20   21   22   24   30   31
    21    192   17   18   19   20   21   22   25   26   27
    22    192   17   18   19   20   21   22   25   26   29
    23     96   17   18   19   20   21   22   25   27   28
    24     96   17   18   19   20   21   22   25   27   29
    25    192   17   18   19   20   21   22   25   27   30
    26    192   17   18   19   20   21   22   25   27   32
    27    192   17   18   19   20   21   22   25   28   30
    28    192   17   18   19   20   21   22   25   28   32
    29     96   17   18   19   20   21   22   25   29   30
    30    192   17   18   19   20   21   22   27   28   29
    31     96   17   18   19   20   21   22   27   29   30
    32    192   17   18   19   20   21   22   27   29   31
    33    192   17   18   19   20   21   22   27   29   32
    34    192   17   18   19   20   21   22   27   30   31
    35    192   17   18   19   20   21   22   27   30   32
    36    192   17   18   19   20   21   22   27   31   32
    37    192   17   18   19   21   22   24   25   26   27
    38     96   17   18   19   21   22   24   25   26   29
    39    192   17   18   19   21   22   24   25   26   30
    40     96   17   18   19   21   22   24   25   27   29
    41    192   17   18   19   21   22   24   25   27   30
    42     96   17   18   19   21   22   24   25   27   32
    43     96   17   18   19   21   22   24   25   28   29
    44     96   17   18   19   21   22   24   25   28   30
    45     96   17   18   19   21   22   24   25   28   31
    46    192   17   18   19   21   22   24   25   29   30
    47    192   17   18   19   21   22   24   25   29   32
    48    192   17   18   19   21   22   24   25   30   31
    49    192   17   18   19   21   22   24   25   30   32
    50    192   17   18   19   21   22   24   25   31   32
    51     48   17   18   19   21   22   24   29   30   31
    52     96   17   18   19   21   22   24   29   30   32
    53     48   17   18   19   21   22   25   26   27   28
    54     96   17   18   19   21   22   25   26   27   30
    55    192   17   18   19   21   22   25   26   27   31
    56    192   17   18   19   21   22   25   26   29   30
    57     32   17   18   19   21   22   25   26   29   32
    58     96   17   18   19   21   22   25   26   30   31
    59     96   17   18   19   21   22   25   27   30   31
    60    192   17   18   19   21   22   25   27   30   32
    61     96   17   18   19   21   22   25   30   31   32
    62     16   17   18   19   21   22   29   30   31   32
    63     96   17   18   19   21   23   24   26   27   28
    64    192   17   18   19   21   23   24   26   27   29
    65    192   17   18   19   21   23   24   26   27   30
    66    192   17   18   19   21   23   24   26   27   31
    67    192   17   18   19   21   23   24   26   28   29
    68     64   17   18   19   21   23   24   26   28   31
    69     96   17   18   19   21   23   24   26   29   31
    70    192   17   18   19   21   23   24   27   28   29
    71    192   17   18   19   21   23   24   27   28   30
    72     96   17   18   19   21   23   24   27   29   32
    73    192   17   18   19   21   23   24   27   30   31
    74     96   17   18   19   21   23   24   27   30   32
    75     96   17   18   19   21   23   24   28   29   30
    76    192   17   18   19   21   23   24   28   29   32
    77     96   17   18   19   21   23   24   28   30   32
    78     96   17   18   19   21   23   25   26   27   28
    79     96   17   18   19   21   23   25   27   28   30
    80     48   17   18   19   21   24   25   27   28   30
    81     32   17   18   19   21   24   26   27   28   29
    82     16   17   18   19   23   24   27   28   30   31
