# SOD OUTSOD format version 2
           2           2           2  substitutions in            8 sites
                   23  configurations
     1     48    1    2    3    4    5    6
     2     48    1    2    3    5    4    6
     3     48    1    2    3    6    4    5
     4    192    1    3    2    4    5    6
     5    192    1    3    2    5    4    6
     6    192    1    3    2    6    4    5
     7    192    1    3    4    5    2    6
     8    192    1    3    4    6    2    5
     9    192    1    3    5    6    2    4
    10     48    3    4    1    2    5    6
    11    192    3    4    1    5    2    6
    12     48    3    4    5    6    1    2
    13     48    3    5    1    2    4    6
    14    192    3    5    1    4    2    6
    15     48    3    5    4    6    1    2
    16     48    3    6    1    2    4    5
    17    192    3    6    1    4    2    5
    18     48    3    6    4    5    1    2
    19     48    1    2    3    6    7    8
    20    192    1    2    3    7    6    8
    21     48    1    2    7    8    3    6
    22     48    1    8    2    3    6    7
    23     24    1    8    2    7    3    6
