
 ____________________________________________________________________________________________
 Temperature: T =    300.00000000000000      K
 Chemical potential: mu =   -2.8435828918085106      eV
 Composition: x =   0.24999999999210326     

  n      m     omega(n,m)       E(n,m)          E-n*mu         prob(n,m,T)   prob(n,m,T)/omega    
  0      1        1            -1124.92044       -1124.92044    0.258876E-15    0.258876E-15
  1      1        8            -1128.61244       -1125.76885    0.370608E+00    0.463259E-01
  2      1       12            -1131.42833       -1125.74116    0.190473E+00    0.158727E-01
  2      2       12            -1131.43025       -1125.74308    0.205133E+00    0.170944E-01
  2      3        4            -1130.91009       -1125.22292    0.124929E-09    0.312322E-10
  3      1       24            -1134.23654       -1125.70579    0.969633E-01    0.404014E-02
  3      2       24            -1133.92814       -1125.39739    0.639355E-06    0.266398E-07
  3      3        8            -1133.99151       -1125.46076    0.247256E-05    0.309070E-06
  4      1        6            -1137.12399       -1125.74966    0.132295E+00    0.220492E-01
  4      2        8            -1136.97736       -1125.60303    0.607038E-03    0.758797E-04
  4      3       24            -1136.93459       -1125.56026    0.348189E-03    0.145079E-04
  4      4       24            -1136.95713       -1125.58280    0.832688E-03    0.346953E-04
  4      5        6            -1136.91448       -1125.54015    0.399910E-04    0.666517E-05
  4      6        2            -1137.05176       -1125.67743    0.269753E-02    0.134876E-02
 ------------------------------
  n      Cumulative prob(n,T) 
     0            0.00000
     1            0.37061
     2            0.39561
     3            0.09697
     4            0.13682
 ------------------------------

 ____________________________________________________________________________________________
 Temperature: T =    1000.0000000000000      K
 Chemical potential: mu =   -2.8935560469575048      eV
 Composition: x =   0.25000000001297040     

  n      m     omega(n,m)       E(n,m)          E-n*mu         prob(n,m,T)   prob(n,m,T)/omega    
  0      1        1            -1124.92044       -1124.92044    0.398366E-05    0.398366E-05
  1      1        8            -1128.61244       -1125.71888    0.336774E+00    0.420967E-01
  2      1       12            -1131.42833       -1125.64122    0.205128E+00    0.170940E-01
  2      2       12            -1131.43025       -1125.64313    0.209742E+00    0.174785E-01
  2      3        4            -1130.91009       -1125.12298    0.167143E-03    0.417858E-04
  3      1       24            -1134.23654       -1125.55587    0.152379E+00    0.634911E-02
  3      2       24            -1133.92814       -1125.24747    0.425270E-02    0.177196E-03
  3      3        8            -1133.99151       -1125.31084    0.295734E-02    0.369668E-03
  4      1        6            -1137.12399       -1125.54977    0.354903E-01    0.591505E-02
  4      2        8            -1136.97736       -1125.40314    0.863115E-02    0.107889E-02
  4      3       24            -1136.93459       -1125.36037    0.157628E-01    0.656783E-03
  4      4       24            -1136.95713       -1125.38291    0.204754E-01    0.853144E-03
  4      5        6            -1136.91448       -1125.34026    0.312058E-02    0.520097E-03
  4      6        2            -1137.05176       -1125.47753    0.511625E-02    0.255812E-02
 ------------------------------
  n      Cumulative prob(n,T) 
     0            0.00000
     1            0.33677
     2            0.41504
     3            0.15959
     4            0.08860
 ------------------------------

 ____________________________________________________________________________________________
 Ideal disorder limit
 Composition: x =   0.25000000000000000     
  n      m     omega(n,m)     E(n,m)                           prob(n,m,T)   prob(n,m,T)/omega    
  0      1        1            -1124.92044                    0.888986E-01    0.888986E-01
  1      1        8            -1128.61244                    0.256632E+00    0.320790E-01
  2      1       12            -1131.42833                    0.138100E+00    0.115084E-01
  2      2       12            -1131.43025                    0.138100E+00    0.115084E-01
  2      3        4            -1130.91009                    0.460334E-01    0.115084E-01
  3      1       24            -1134.23654                    0.985898E-01    0.410791E-02
  3      2       24            -1133.92814                    0.985898E-01    0.410791E-02
  3      3        8            -1133.99151                    0.328633E-01    0.410791E-02
  4      1        6            -1137.12399                    0.875940E-02    0.145990E-02
  4      2        8            -1136.97736                    0.116792E-01    0.145990E-02
  4      3       24            -1136.93459                    0.350376E-01    0.145990E-02
  4      4       24            -1136.95713                    0.350376E-01    0.145990E-02
  4      5        6            -1136.91448                    0.875940E-02    0.145990E-02
  4      6        2            -1137.05176                    0.291980E-02    0.145990E-02
