1  -67812.762956
2  -67812.806794
3  -67812.779045
4  -67812.760044
5  -67812.791096
6  -67812.776693
7  -67812.786883
8  -67812.808266
9  -67812.815657
10  -67812.809768
11  -67812.799676
12  -67812.758436
13  -67812.761318
14  -67812.804336
15  -67812.814207
16  -67812.826112
17  -67812.758729
18  -67812.757304
19  -67812.775665
20  -67812.769414
21  -67812.794877
22  -67812.778496
23  -67812.788101
24  -67812.786959
25  -67812.778022
26  -67812.791646
27  -67812.818610
28  -67812.839255
29  -67812.835861
30  -67812.848810
31  -67812.841790
32  -67812.838734
33  -67812.817906
34  -67812.757995
35  -67812.776495
36  -67812.794965
37  -67812.788962
38  -67812.826544
39  -67812.805761
40  -67812.806158
41  -67812.827908
42  -67812.810067
43  -67812.846002
44  -67812.807587
45  -67812.788584
46  -67812.785349
47  -67812.801439
48  -67812.827127
49  -67812.795517
50  -67812.835464
51  -67812.815851
52  -67812.846222
53  -67812.856838
54  -67812.819052
55  -67812.827436
56  -67812.841617
57  -67812.856153
58  -67812.812778
59  -67812.860089
60  -67812.838287
61  -67812.848292
62  -67812.805179
63  -67812.857250
64  -67812.814552
65  -67812.796916
66  -67812.810485
67  -67812.830630
68  -67812.827199
69  -67812.873385
70  -67812.872065
71  -67812.889361
72  -67812.869151
73  -67812.775175
74  -67812.805721
75  -67812.845958
76  -67812.860697
77  -67812.854951
78  -67812.876627
79  -67812.898352
80  -67812.801202
81  -67812.891188
82  -67812.845580
