# SOD OUTSOD format version 2
           7  substitutions in           16 sites
                   82  configurations
     1     16   17   18   19   20   21   22   23
     2     96   17   18   19   20   21   22   24
     3    192   17   18   19   20   21   22   25
     4    192   17   18   19   20   21   22   27
     5    192   17   18   19   20   21   22   29
     6    192   17   18   19   20   21   22   30
     7    192   17   18   19   20   21   24   25
     8    192   17   18   19   20   21   24   26
     9     96   17   18   19   20   21   24   29
    10     64   17   18   19   20   21   24   30
    11    192   17   18   19   20   21   24   32
    12     32   17   18   19   20   21   25   27
    13     96   17   18   19   20   21   28   31
    14    192   17   18   19   21   22   24   25
    15     96   17   18   19   21   22   24   29
    16     96   17   18   19   21   22   24   30
    17     96   17   18   19   21   22   25   26
    18     96   17   18   19   21   22   25   27
    19     96   17   18   19   21   22   25   28
    20     96   17   18   19   21   22   25   29
    21    192   17   18   19   21   22   25   30
    22    192   17   18   19   21   22   25   31
    23    192   17   18   19   21   22   25   32
    24    192   17   18   19   21   22   29   30
    25     48   17   18   19   21   22   29   32
    26     48   17   18   19   21   22   30   31
    27    192   17   18   19   21   23   24   26
    28    192   17   18   19   21   23   24   27
    29    192   17   18   19   21   23   24   28
    30     96   17   18   19   21   23   24   29
    31    192   17   18   19   21   23   24   30
    32    192   17   18   19   21   23   24   31
    33    192   17   18   19   21   23   24   32
    34     96   17   18   19   21   23   25   26
    35     96   17   18   19   21   23   25   27
    36    192   17   18   19   21   23   25   28
    37     96   17   18   19   21   23   25   32
    38    192   17   18   19   21   23   26   27
    39    192   17   18   19   21   23   26   28
    40     96   17   18   19   21   23   26   31
    41    192   17   18   19   21   23   27   28
    42     96   17   18   19   21   23   27   32
    43     96   17   18   19   21   23   28   30
    44     96   17   18   19   21   23   28   32
    45    192   17   18   19   21   24   25   26
    46    192   17   18   19   21   24   25   27
    47     96   17   18   19   21   24   25   28
    48    192   17   18   19   21   24   25   30
    49    192   17   18   19   21   24   25   32
    50    192   17   18   19   21   24   26   27
    51    192   17   18   19   21   24   26   28
    52    192   17   18   19   21   24   26   29
    53    192   17   18   19   21   24   26   31
    54     96   17   18   19   21   24   27   28
    55    192   17   18   19   21   24   27   29
    56    192   17   18   19   21   24   27   30
    57    192   17   18   19   21   24   27   31
    58     96   17   18   19   21   24   27   32
    59    192   17   18   19   21   24   28   30
    60    192   17   18   19   21   24   28   31
    61    192   17   18   19   21   24   29   30
    62    192   17   18   19   21   24   29   32
    63    192   17   18   19   21   24   30   31
    64     96   17   18   19   21   24   31   32
    65     96   17   18   19   21   25   27   30
    66    192   17   18   19   21   26   28   31
    67    192   17   18   19   21   27   28   30
    68    192   17   18   19   21   27   30   31
    69     48   17   18   19   23   24   27   28
    70     96   17   18   19   23   24   27   30
    71    192   17   18   19   23   24   27   31
    72     96   17   18   19   23   24   30   31
    73     48   17   18   21   24   25   27   29
    74     96   17   18   21   24   25   27   30
    75     96   17   18   21   24   25   28   29
    76    192   17   18   21   24   25   28   30
    77     96   17   18   21   24   25   30   31
    78     48   17   18   21   24   26   28   29
    79     96   17   18   21   24   26   29   31
    80     32   17   18   21   25   26   27   31
    81     96   17   18   22   24   25   28   30
    82     16   17   18   22   24   26   27   31
