 List of operators for configuration:                     1
           1
   1.00000000       0.00000000       0.00000000       0.00000000    
   0.00000000       1.00000000       0.00000000       0.00000000    
   0.00000000       0.00000000       1.00000000       0.00000000    
           2
  -1.00000000       0.00000000       0.00000000      0.500000000    
   0.00000000      -1.00000000       0.00000000      0.500000000    
   0.00000000       0.00000000       1.00000000       0.00000000    
           3
  -1.00000000       0.00000000       0.00000000      0.500000000    
   0.00000000       1.00000000       0.00000000       0.00000000    
   0.00000000       0.00000000      -1.00000000      0.500000000    
           4
   1.00000000       0.00000000       0.00000000       0.00000000    
   0.00000000      -1.00000000       0.00000000      0.500000000    
   0.00000000       0.00000000      -1.00000000      0.500000000    
           5
   1.00000000       0.00000000       0.00000000       0.00000000    
   0.00000000       0.00000000       1.00000000       0.00000000    
   0.00000000      -1.00000000       0.00000000      0.500000000    
           6
  -1.00000000       0.00000000       0.00000000      0.500000000    
   0.00000000       0.00000000       1.00000000       0.00000000    
   0.00000000       1.00000000       0.00000000       0.00000000    
           7
  -1.00000000       0.00000000       0.00000000      0.500000000    
   0.00000000       0.00000000      -1.00000000      0.500000000    
   0.00000000      -1.00000000       0.00000000      0.500000000    
           8
   1.00000000       0.00000000       0.00000000       0.00000000    
   0.00000000       0.00000000      -1.00000000      0.500000000    
   0.00000000       1.00000000       0.00000000       0.00000000    
           9
  -1.00000000       0.00000000       0.00000000      0.500000000    
   0.00000000      -1.00000000       0.00000000      0.500000000    
   0.00000000       0.00000000      -1.00000000      0.500000000    
          10
   1.00000000       0.00000000       0.00000000       0.00000000    
   0.00000000       1.00000000       0.00000000       0.00000000    
   0.00000000       0.00000000      -1.00000000      0.500000000    
          11
   1.00000000       0.00000000       0.00000000       0.00000000    
   0.00000000      -1.00000000       0.00000000      0.500000000    
   0.00000000       0.00000000       1.00000000       0.00000000    
          12
  -1.00000000       0.00000000       0.00000000      0.500000000    
   0.00000000       1.00000000       0.00000000       0.00000000    
   0.00000000       0.00000000       1.00000000       0.00000000    
          13
  -1.00000000       0.00000000       0.00000000      0.500000000    
   0.00000000       0.00000000      -1.00000000      0.500000000    
   0.00000000       1.00000000       0.00000000       0.00000000    
          14
   1.00000000       0.00000000       0.00000000       0.00000000    
   0.00000000       0.00000000      -1.00000000      0.500000000    
   0.00000000      -1.00000000       0.00000000      0.500000000    
          15
   1.00000000       0.00000000       0.00000000       0.00000000    
   0.00000000       0.00000000       1.00000000       0.00000000    
   0.00000000       1.00000000       0.00000000       0.00000000    
          16
  -1.00000000       0.00000000       0.00000000      0.500000000    
   0.00000000       0.00000000       1.00000000       0.00000000    
   0.00000000      -1.00000000       0.00000000      0.500000000    
           0
 List of operators for configuration:                     2
           1
   1.00000000       0.00000000       0.00000000       0.00000000    
   0.00000000       1.00000000       0.00000000       0.00000000    
   0.00000000       0.00000000       1.00000000       0.00000000    
           2
  -1.00000000       0.00000000       0.00000000      0.500000000    
   0.00000000      -1.00000000       0.00000000      0.500000000    
   0.00000000       0.00000000       1.00000000       0.00000000    
           3
  -1.00000000       0.00000000       0.00000000      0.500000000    
   0.00000000       1.00000000       0.00000000       0.00000000    
   0.00000000       0.00000000      -1.00000000      0.500000000    
           4
   1.00000000       0.00000000       0.00000000       0.00000000    
   0.00000000      -1.00000000       0.00000000      0.500000000    
   0.00000000       0.00000000      -1.00000000      0.500000000    
           5
   0.00000000       1.00000000       0.00000000       0.00000000    
   1.00000000       0.00000000       0.00000000       0.00000000    
   0.00000000       0.00000000      -1.00000000      0.500000000    
           6
   0.00000000      -1.00000000       0.00000000      0.500000000    
  -1.00000000       0.00000000       0.00000000      0.500000000    
   0.00000000       0.00000000      -1.00000000      0.500000000    
           7
   0.00000000       1.00000000       0.00000000       0.00000000    
  -1.00000000       0.00000000       0.00000000      0.500000000    
   0.00000000       0.00000000       1.00000000       0.00000000    
           8
   0.00000000      -1.00000000       0.00000000      0.500000000    
   1.00000000       0.00000000       0.00000000       0.00000000    
   0.00000000       0.00000000       1.00000000       0.00000000    
           9
  -1.00000000       0.00000000       0.00000000      0.500000000    
   0.00000000      -1.00000000       0.00000000      0.500000000    
   0.00000000       0.00000000      -1.00000000      0.500000000    
          10
   1.00000000       0.00000000       0.00000000       0.00000000    
   0.00000000       1.00000000       0.00000000       0.00000000    
   0.00000000       0.00000000      -1.00000000      0.500000000    
          11
   1.00000000       0.00000000       0.00000000       0.00000000    
   0.00000000      -1.00000000       0.00000000      0.500000000    
   0.00000000       0.00000000       1.00000000       0.00000000    
          12
  -1.00000000       0.00000000       0.00000000      0.500000000    
   0.00000000       1.00000000       0.00000000       0.00000000    
   0.00000000       0.00000000       1.00000000       0.00000000    
          13
   0.00000000      -1.00000000       0.00000000      0.500000000    
  -1.00000000       0.00000000       0.00000000      0.500000000    
   0.00000000       0.00000000       1.00000000       0.00000000    
          14
   0.00000000       1.00000000       0.00000000       0.00000000    
   1.00000000       0.00000000       0.00000000       0.00000000    
   0.00000000       0.00000000       1.00000000       0.00000000    
          15
   0.00000000      -1.00000000       0.00000000      0.500000000    
   1.00000000       0.00000000       0.00000000       0.00000000    
   0.00000000       0.00000000      -1.00000000      0.500000000    
          16
   0.00000000       1.00000000       0.00000000       0.00000000    
  -1.00000000       0.00000000       0.00000000      0.500000000    
   0.00000000       0.00000000      -1.00000000      0.500000000    
           0
 List of operators for configuration:                     3
           1
   1.00000000       0.00000000       0.00000000       0.00000000    
   0.00000000       1.00000000       0.00000000       0.00000000    
   0.00000000       0.00000000       1.00000000       0.00000000    
           2
  -1.00000000       0.00000000       0.00000000      0.500000000    
   0.00000000      -1.00000000       0.00000000      0.500000000    
   0.00000000       0.00000000       1.00000000       0.00000000    
           3
  -1.00000000       0.00000000       0.00000000      0.500000000    
   0.00000000       1.00000000       0.00000000       0.00000000    
   0.00000000       0.00000000      -1.00000000      0.500000000    
           4
   1.00000000       0.00000000       0.00000000       0.00000000    
   0.00000000      -1.00000000       0.00000000      0.500000000    
   0.00000000       0.00000000      -1.00000000      0.500000000    
           5
   0.00000000       0.00000000       1.00000000      0.500000000    
   1.00000000       0.00000000       0.00000000       0.00000000    
   0.00000000       1.00000000       0.00000000      0.500000000    
           6
   0.00000000       0.00000000       1.00000000      0.500000000    
  -1.00000000       0.00000000       0.00000000      0.500000000    
   0.00000000      -1.00000000       0.00000000       0.00000000    
           7
   0.00000000       0.00000000      -1.00000000       0.00000000    
  -1.00000000       0.00000000       0.00000000      0.500000000    
   0.00000000       1.00000000       0.00000000      0.500000000    
           8
   0.00000000       0.00000000      -1.00000000       0.00000000    
   1.00000000       0.00000000       0.00000000       0.00000000    
   0.00000000      -1.00000000       0.00000000       0.00000000    
           9
   0.00000000       1.00000000       0.00000000       0.00000000    
   0.00000000       0.00000000       1.00000000      0.500000000    
   1.00000000       0.00000000       0.00000000      0.500000000    
          10
   0.00000000      -1.00000000       0.00000000      0.500000000    
   0.00000000       0.00000000       1.00000000      0.500000000    
  -1.00000000       0.00000000       0.00000000       0.00000000    
          11
   0.00000000       1.00000000       0.00000000       0.00000000    
   0.00000000       0.00000000      -1.00000000       0.00000000    
  -1.00000000       0.00000000       0.00000000       0.00000000    
          12
   0.00000000      -1.00000000       0.00000000      0.500000000    
   0.00000000       0.00000000      -1.00000000       0.00000000    
   1.00000000       0.00000000       0.00000000      0.500000000    
          13
   0.00000000       1.00000000       0.00000000       0.00000000    
   1.00000000       0.00000000       0.00000000       0.00000000    
   0.00000000       0.00000000      -1.00000000      0.500000000    
          14
   0.00000000      -1.00000000       0.00000000      0.500000000    
  -1.00000000       0.00000000       0.00000000      0.500000000    
   0.00000000       0.00000000      -1.00000000      0.500000000    
          15
   0.00000000       1.00000000       0.00000000       0.00000000    
  -1.00000000       0.00000000       0.00000000      0.500000000    
   0.00000000       0.00000000       1.00000000       0.00000000    
          16
   0.00000000      -1.00000000       0.00000000      0.500000000    
   1.00000000       0.00000000       0.00000000       0.00000000    
   0.00000000       0.00000000       1.00000000       0.00000000    
          17
   1.00000000       0.00000000       0.00000000       0.00000000    
   0.00000000       0.00000000       1.00000000      0.500000000    
   0.00000000      -1.00000000       0.00000000       0.00000000    
          18
  -1.00000000       0.00000000       0.00000000      0.500000000    
   0.00000000       0.00000000       1.00000000      0.500000000    
   0.00000000       1.00000000       0.00000000      0.500000000    
          19
  -1.00000000       0.00000000       0.00000000      0.500000000    
   0.00000000       0.00000000      -1.00000000       0.00000000    
   0.00000000      -1.00000000       0.00000000       0.00000000    
          20
   1.00000000       0.00000000       0.00000000       0.00000000    
   0.00000000       0.00000000      -1.00000000       0.00000000    
   0.00000000       1.00000000       0.00000000      0.500000000    
          21
   0.00000000       0.00000000       1.00000000      0.500000000    
   0.00000000       1.00000000       0.00000000       0.00000000    
  -1.00000000       0.00000000       0.00000000       0.00000000    
          22
   0.00000000       0.00000000       1.00000000      0.500000000    
   0.00000000      -1.00000000       0.00000000      0.500000000    
   1.00000000       0.00000000       0.00000000      0.500000000    
          23
   0.00000000       0.00000000      -1.00000000       0.00000000    
   0.00000000       1.00000000       0.00000000       0.00000000    
   1.00000000       0.00000000       0.00000000      0.500000000    
          24
   0.00000000       0.00000000      -1.00000000       0.00000000    
   0.00000000      -1.00000000       0.00000000      0.500000000    
  -1.00000000       0.00000000       0.00000000       0.00000000    
          25
  -1.00000000       0.00000000       0.00000000      0.500000000    
   0.00000000      -1.00000000       0.00000000      0.500000000    
   0.00000000       0.00000000      -1.00000000      0.500000000    
          26
   1.00000000       0.00000000       0.00000000       0.00000000    
   0.00000000       1.00000000       0.00000000       0.00000000    
   0.00000000       0.00000000      -1.00000000      0.500000000    
          27
   1.00000000       0.00000000       0.00000000       0.00000000    
   0.00000000      -1.00000000       0.00000000      0.500000000    
   0.00000000       0.00000000       1.00000000       0.00000000    
          28
  -1.00000000       0.00000000       0.00000000      0.500000000    
   0.00000000       1.00000000       0.00000000       0.00000000    
   0.00000000       0.00000000       1.00000000       0.00000000    
          29
   0.00000000       0.00000000      -1.00000000       0.00000000    
  -1.00000000       0.00000000       0.00000000      0.500000000    
   0.00000000      -1.00000000       0.00000000       0.00000000    
          30
   0.00000000       0.00000000      -1.00000000       0.00000000    
   1.00000000       0.00000000       0.00000000       0.00000000    
   0.00000000       1.00000000       0.00000000      0.500000000    
          31
   0.00000000       0.00000000       1.00000000      0.500000000    
   1.00000000       0.00000000       0.00000000       0.00000000    
   0.00000000      -1.00000000       0.00000000       0.00000000    
          32
   0.00000000       0.00000000       1.00000000      0.500000000    
  -1.00000000       0.00000000       0.00000000      0.500000000    
   0.00000000       1.00000000       0.00000000      0.500000000    
          33
   0.00000000      -1.00000000       0.00000000      0.500000000    
   0.00000000       0.00000000      -1.00000000       0.00000000    
  -1.00000000       0.00000000       0.00000000       0.00000000    
          34
   0.00000000       1.00000000       0.00000000       0.00000000    
   0.00000000       0.00000000      -1.00000000       0.00000000    
   1.00000000       0.00000000       0.00000000      0.500000000    
          35
   0.00000000      -1.00000000       0.00000000      0.500000000    
   0.00000000       0.00000000       1.00000000      0.500000000    
   1.00000000       0.00000000       0.00000000      0.500000000    
          36
   0.00000000       1.00000000       0.00000000       0.00000000    
   0.00000000       0.00000000       1.00000000      0.500000000    
  -1.00000000       0.00000000       0.00000000       0.00000000    
          37
   0.00000000      -1.00000000       0.00000000      0.500000000    
  -1.00000000       0.00000000       0.00000000      0.500000000    
   0.00000000       0.00000000       1.00000000       0.00000000    
          38
   0.00000000       1.00000000       0.00000000       0.00000000    
   1.00000000       0.00000000       0.00000000       0.00000000    
   0.00000000       0.00000000       1.00000000       0.00000000    
          39
   0.00000000      -1.00000000       0.00000000      0.500000000    
   1.00000000       0.00000000       0.00000000       0.00000000    
   0.00000000       0.00000000      -1.00000000      0.500000000    
          40
   0.00000000       1.00000000       0.00000000       0.00000000    
  -1.00000000       0.00000000       0.00000000      0.500000000    
   0.00000000       0.00000000      -1.00000000      0.500000000    
          41
  -1.00000000       0.00000000       0.00000000      0.500000000    
   0.00000000       0.00000000      -1.00000000       0.00000000    
   0.00000000       1.00000000       0.00000000      0.500000000    
          42
   1.00000000       0.00000000       0.00000000       0.00000000    
   0.00000000       0.00000000      -1.00000000       0.00000000    
   0.00000000      -1.00000000       0.00000000       0.00000000    
          43
   1.00000000       0.00000000       0.00000000       0.00000000    
   0.00000000       0.00000000       1.00000000      0.500000000    
   0.00000000       1.00000000       0.00000000      0.500000000    
          44
  -1.00000000       0.00000000       0.00000000      0.500000000    
   0.00000000       0.00000000       1.00000000      0.500000000    
   0.00000000      -1.00000000       0.00000000       0.00000000    
          45
   0.00000000       0.00000000      -1.00000000       0.00000000    
   0.00000000      -1.00000000       0.00000000      0.500000000    
   1.00000000       0.00000000       0.00000000      0.500000000    
          46
   0.00000000       0.00000000      -1.00000000       0.00000000    
   0.00000000       1.00000000       0.00000000       0.00000000    
  -1.00000000       0.00000000       0.00000000       0.00000000    
          47
   0.00000000       0.00000000       1.00000000      0.500000000    
   0.00000000      -1.00000000       0.00000000      0.500000000    
  -1.00000000       0.00000000       0.00000000       0.00000000    
          48
   0.00000000       0.00000000       1.00000000      0.500000000    
   0.00000000       1.00000000       0.00000000       0.00000000    
   1.00000000       0.00000000       0.00000000      0.500000000    
           0
