1  -69313.628095
2  -69313.627153
3  -69313.658931
4  -69313.685411
5  -69313.626815
6  -69313.658194
7  -69313.657444
8  -69313.658297
9  -69313.675906
10  -69313.657933
11  -69313.639283
12  -69313.704261
13  -69313.709459
14  -69313.689950
15  -69313.703105
16  -69313.668326
17  -69313.701432
18  -69313.707036
19  -69313.718510
20  -69313.648473
21  -69313.661947
22  -69313.629681
23  -69313.677523
24  -69313.689310
25  -69313.710566
26  -69313.718148
27  -69313.685108
28  -69313.716763
29  -69313.735472
30  -69313.688413
31  -69313.737438
32  -69313.741736
33  -69313.725876
34  -69313.734949
35  -69313.728395
