# SOD OUTSOD format version 2
           5  substitutions in           16 sites
                   35  configurations
     1     96   17   18   19   20   21
     2     48   17   18   19   21   22
     3     96   17   18   19   21   23
     4    192   17   18   19   21   24
     5     96   17   18   19   21   25
     6    192   17   18   19   21   26
     7    192   17   18   19   21   27
     8    192   17   18   19   21   28
     9    192   17   18   19   21   30
    10    192   17   18   19   21   31
    11     96   17   18   19   21   32
    12     96   17   18   19   23   24
    13    192   17   18   19   23   27
    14     96   17   18   19   23   30
    15     96   17   18   19   24   27
    16    192   17   18   21   24   25
    17    192   17   18   21   24   26
    18     48   17   18   21   24   29
    19    192   17   18   21   24   30
    20     48   17   18   21   24   32
    21     96   17   18   21   25   26
    22     48   17   18   21   25   27
    23    192   17   18   21   25   28
    24     96   17   18   21   26   28
    25     96   17   18   21   26   31
    26    192   17   18   22   24   25
    27     96   17   18   22   24   26
    28     96   17   18   22   24   30
    29     96   17   18   22   24   31
    30     96   17   18   22   25   27
    31     96   17   18   22   25   28
    32    192   17   18   22   25   31
    33     96   17   18   22   26   31
    34     48   17   18   24   27   31
    35     96   17   18   24   28   29
