   10.9000     10.9000     10.9000     90.0000     90.0000     90.0000
          16          16          56
La     0.0000000    0.0000000    0.0000000
La     0.7500000    0.2500000    0.5000000
La     0.2500000    0.5000000    0.7500000
La     0.5000000    0.7500000    0.2500000
La     0.2500000    0.7500000    0.5000000
La     0.7500000    0.5000000    0.2500000
La     0.5000000    0.2500000    0.7500000
La     0.0000000    0.5000000    0.5000000
La     0.7500000    0.7500000    0.0000000
La     0.2500000    0.0000000    0.2500000
La     0.2500000    0.2500000    0.0000000
La     0.7500000    0.0000000    0.7500000
La     0.5000000    0.0000000    0.5000000
La     0.0000000    0.7500000    0.7500000
La     0.0000000    0.2500000    0.2500000
La     0.5000000    0.5000000    0.0000000
Zr     0.5000000    0.5000000    0.5000000
Zr     0.2500000    0.7500000    0.0000000
Zr     0.7500000    0.0000000    0.2500000
Zr     0.0000000    0.2500000    0.7500000
Zr     0.7500000    0.2500000    0.0000000
Zr     0.2500000    0.0000000    0.7500000
Zr     0.0000000    0.7500000    0.2500000
Zr     0.5000000    0.0000000    0.0000000
Zr     0.2500000    0.2500000    0.5000000
Zr     0.7500000    0.5000000    0.7500000
Zr     0.7500000    0.7500000    0.5000000
Zr     0.2500000    0.5000000    0.2500000
Zr     0.0000000    0.5000000    0.0000000
Zr     0.5000000    0.2500000    0.2500000
Zr     0.5000000    0.7500000    0.7500000
Zr     0.0000000    0.0000000    0.5000000
O      0.1250000    0.1250000    0.1250000
O      0.6250000    0.1250000    0.6250000
O      0.1250000    0.6250000    0.6250000
O      0.6250000    0.6250000    0.1250000
O      0.8750000    0.3750000    0.3750000
O      0.8750000    0.8750000    0.8750000
O      0.3750000    0.3750000    0.8750000
O      0.3750000    0.8750000    0.3750000
O      0.4120000    0.1250000    0.1250000
O      0.3380000    0.1250000    0.6250000
O      0.8380000    0.6250000    0.6250000
O      0.9120000    0.6250000    0.1250000
O      0.1250000    0.4120000    0.1250000
O      0.6250000    0.3380000    0.1250000
O      0.6250000    0.8380000    0.6250000
O      0.1250000    0.9120000    0.6250000
O      0.1250000    0.1250000    0.4120000
O      0.1250000    0.6250000    0.3380000
O      0.6250000    0.6250000    0.8380000
O      0.6250000    0.1250000    0.9120000
O      0.8750000    0.6620000    0.3750000
O      0.8750000    0.5880000    0.8750000
O      0.3750000    0.0880000    0.8750000
O      0.3750000    0.1619999    0.3750000
O      0.1619999    0.3750000    0.3750000
O      0.0880000    0.8750000    0.3750000
O      0.5880000    0.8750000    0.8750000
O      0.6620000    0.3750000    0.8750000
O      0.8750000    0.3750000    0.0880000
O      0.3750000    0.3750000    0.1619999
O      0.3750000    0.8750000    0.6620000
O      0.8750000    0.8750000    0.5880000
O      0.6620000    0.8750000    0.3750000
O      0.0880000    0.3750000    0.8750000
O      0.3750000    0.6620000    0.8750000
O      0.8750000    0.0880000    0.3750000
O      0.8750000    0.3750000    0.6620000
O      0.3750000    0.8750000    0.0880000
O      0.1250000    0.3380000    0.6250000
O      0.6250000    0.9120000    0.1250000
O      0.9120000    0.1250000    0.6250000
O      0.3380000    0.6250000    0.1250000
O      0.1250000    0.6250000    0.9120000
O      0.6250000    0.1250000    0.3380000
O      0.4120000    0.6250000    0.6250000
O      0.8380000    0.1250000    0.1250000
O      0.1250000    0.1250000    0.8380000
O      0.6250000    0.6250000    0.4120000
O      0.8750000    0.1619999    0.8750000
O      0.3750000    0.5880000    0.3750000
O      0.1619999    0.8750000    0.8750000
O      0.5880000    0.3750000    0.3750000
O      0.8750000    0.8750000    0.1619999
O      0.3750000    0.3750000    0.5880000
O      0.1250000    0.8380000    0.1250000
O      0.6250000    0.4120000    0.6250000
