1  -64811.107322
2  -64811.127978
3  -64811.119350
4  -64811.115906
5  -64811.133054
6  -64811.146929
7  -64811.143328
8  -64811.116567
9  -64811.159079
10  -64811.123584
11  -64811.154598
12  -64811.134294
13  -64811.096517
14  -64811.098852
15  -64811.104549
16  -64811.124910
17  -64811.137243
18  -64811.143381
19  -64811.146071
20  -64811.153551
21  -64811.142660
22  -64811.164727
23  -64811.126602
24  -64811.134865
25  -64811.154179
26  -64811.149479
27  -64811.132342
28  -64811.140993
29  -64811.109182
30  -64811.114992
31  -64811.122498
32  -64811.150921
33  -64811.153293
34  -64811.173997
35  -64811.207759
