# SOD OUTSOD format version 2
          11  substitutions in           16 sites
                   35  configurations
     1     96   17   18   19   20   21   22   23   24   25   26   27
     2    192   17   18   19   20   21   22   23   24   25   26   29
     3     48   17   18   19   20   21   22   23   24   25   27   29
     4    192   17   18   19   20   21   22   23   24   25   27   30
     5     96   17   18   19   20   21   22   23   24   25   27   32
     6    192   17   18   19   20   21   22   23   24   25   28   29
     7     96   17   18   19   20   21   22   23   24   25   28   30
     8     96   17   18   19   20   21   22   23   24   25   28   31
     9     96   17   18   19   20   21   22   23   24   25   29   32
    10    192   17   18   19   20   21   22   23   24   25   30   31
    11     96   17   18   19   20   21   22   23   24   25   30   32
    12     96   17   18   19   20   21   22   23   24   25   31   32
    13     48   17   18   19   20   21   22   23   25   26   27   28
    14     96   17   18   19   20   21   22   23   25   26   27   30
    15     96   17   18   19   20   21   22   23   25   26   27   31
    16    192   17   18   19   20   21   22   24   25   26   27   29
    17    192   17   18   19   20   21   22   24   25   26   27   30
    18    192   17   18   19   20   21   22   24   25   26   27   31
    19    192   17   18   19   20   21   22   24   25   26   27   32
    20    192   17   18   19   20   21   22   24   25   26   29   30
    21     96   17   18   19   20   21   22   24   25   26   29   32
    22     96   17   18   19   20   21   22   24   25   26   30   31
    23    192   17   18   19   20   21   22   24   25   27   29   30
    24    192   17   18   19   20   21   22   24   25   27   29   32
    25    192   17   18   19   20   21   22   24   25   27   30   32
    26    192   17   18   19   20   21   22   24   25   28   30   31
    27     96   17   18   19   20   21   22   24   25   28   31   32
    28     96   17   18   19   20   21   22   24   29   30   31   32
    29     96   17   18   19   20   21   22   27   28   29   30   31
    30     48   17   18   19   21   22   24   25   26   27   28   29
    31     48   17   18   19   21   22   24   25   26   27   28   30
    32     96   17   18   19   21   22   24   25   26   27   30   31
    33     96   17   18   19   21   22   24   25   26   27   31   32
    34     48   17   18   19   21   22   24   25   27   30   31   32
    35     96   17   18   19   21   23   24   26   27   28   29   30
