# SOD OUTSOD format version 2
           4  substitutions in           12 sites
                   29  configurations
     1     24    1    2    3    4
     2     12    1    2    3    7
     3     12    1    2    4    5
     4     12    1    2    4    6
     5     24    1    2    4    7
     6     24    1    2    4    8
     7     24    1    2    4    9
     8     24    1    2    4   10
     9     12    1    2    4   11
    10     24    1    2    4   12
    11     12    1    2    5    6
    12     24    1    2    5    7
    13     24    1    2    5    8
    14     24    1    2    5    9
    15     12    1    2    5   10
    16     24    1    2    5   12
    17     24    1    2    6    7
    18     24    1    2    6    8
    19     24    1    2    6    9
    20     12    1    2    6   12
    21     12    1    2    7    8
    22      6    1    2    7    9
    23     12    1    4    7   10
    24     12    1    4    7   11
    25     24    1    4    8   11
    26     12    1    4    8   12
    27      6    1    4    9   11
    28     12    1    5    7   11
    29      3    1    5    9   12
