 x      20.000000000000000        300.00000000000000        600.00000000000000        800.00000000000000        1200.0000000000000     
  -680.000  0.000000E+00  0.000000E+00  0.000000E+00  0.000000E+00  0.000000E+00  0.000000E+00
  -679.900  0.000000E+00  0.000000E+00  0.000000E+00  0.000000E+00  0.000000E+00  0.000000E+00
  -679.800  0.000000E+00  0.000000E+00  0.000000E+00  0.000000E+00  0.000000E+00  0.000000E+00
  -679.700  0.000000E+00  0.000000E+00  0.000000E+00  0.000000E+00  0.000000E+00  0.000000E+00
  -679.600  0.000000E+00  0.000000E+00  0.000000E+00  0.000000E+00  0.000000E+00  0.000000E+00
  -679.500  0.000000E+00  0.000000E+00  0.000000E+00  0.000000E+00  0.000000E+00  0.000000E+00
  -679.400  0.000000E+00  0.000000E+00  0.000000E+00  0.000000E+00  0.000000E+00  0.000000E+00
  -679.300  0.000000E+00  0.000000E+00  0.000000E+00  0.000000E+00  0.000000E+00  0.000000E+00
  -679.200  0.000000E+00  0.000000E+00  0.000000E+00  0.000000E+00  0.000000E+00  0.000000E+00
  -679.100  0.000000E+00  0.000000E+00  0.000000E+00  0.000000E+00  0.000000E+00  0.000000E+00
  -679.000  0.000000E+00  0.000000E+00  0.000000E+00  0.000000E+00  0.000000E+00  0.000000E+00
  -678.900  0.000000E+00  0.000000E+00  0.000000E+00  0.000000E+00  0.000000E+00  0.000000E+00
  -678.800  0.000000E+00  0.000000E+00  0.000000E+00  0.000000E+00  0.000000E+00  0.000000E+00
  -678.700  0.000000E+00  0.000000E+00  0.000000E+00  0.000000E+00  0.000000E+00  0.000000E+00
  -678.600  0.000000E+00  0.000000E+00  0.000000E+00  0.000000E+00  0.000000E+00  0.000000E+00
  -678.500  0.000000E+00  0.000000E+00  0.000000E+00  0.000000E+00  0.000000E+00  0.000000E+00
  -678.400  0.000000E+00  0.000000E+00  0.000000E+00  0.000000E+00  0.000000E+00  0.000000E+00
  -678.300  0.000000E+00  0.000000E+00  0.000000E+00  0.000000E+00  0.000000E+00  0.000000E+00
  -678.200  0.000000E+00  0.000000E+00  0.000000E+00  0.000000E+00  0.000000E+00  0.000000E+00
  -678.100  0.000000E+00  0.000000E+00  0.000000E+00  0.000000E+00  0.000000E+00  0.000000E+00
  -678.000  0.000000E+00  0.000000E+00  0.000000E+00  0.000000E+00  0.000000E+00  0.000000E+00
  -677.900  0.000000E+00  0.000000E+00  0.000000E+00  0.000000E+00  0.000000E+00  0.000000E+00
  -677.800  0.000000E+00  0.000000E+00  0.000000E+00  0.000000E+00  0.000000E+00  0.000000E+00
  -677.700  0.000000E+00  0.000000E+00  0.000000E+00  0.000000E+00  0.000000E+00  0.000000E+00
  -677.600  0.000000E+00  0.000000E+00  0.000000E+00  0.000000E+00  0.000000E+00  0.000000E+00
  -677.500  0.000000E+00  0.000000E+00  0.000000E+00  0.000000E+00  0.000000E+00  0.000000E+00
  -677.400  0.000000E+00  0.000000E+00  0.000000E+00  0.000000E+00  0.000000E+00  0.000000E+00
  -677.300  0.000000E+00  0.000000E+00  0.000000E+00  0.000000E+00  0.000000E+00  0.000000E+00
  -677.200  0.000000E+00  0.000000E+00  0.000000E+00  0.000000E+00  0.000000E+00  0.000000E+00
  -677.100  0.000000E+00  0.000000E+00  0.000000E+00  0.000000E+00  0.000000E+00  0.000000E+00
  -677.000  0.000000E+00  0.000000E+00  0.000000E+00  0.000000E+00  0.000000E+00  0.000000E+00
  -676.900  0.000000E+00  0.000000E+00  0.000000E+00  0.000000E+00  0.000000E+00  0.000000E+00
  -676.800  0.000000E+00  0.000000E+00  0.000000E+00  0.000000E+00  0.000000E+00  0.000000E+00
  -676.700  0.000000E+00  0.000000E+00  0.000000E+00  0.000000E+00  0.000000E+00  0.000000E+00
  -676.600  0.000000E+00  0.000000E+00  0.000000E+00  0.000000E+00  0.000000E+00  0.000000E+00
  -676.500  0.000000E+00  0.000000E+00  0.000000E+00  0.000000E+00  0.000000E+00  0.000000E+00
  -676.400  0.000000E+00  0.000000E+00  0.000000E+00  0.000000E+00  0.000000E+00  0.000000E+00
  -676.300  0.000000E+00  0.000000E+00  0.000000E+00  0.000000E+00  0.000000E+00  0.000000E+00
  -676.200  0.000000E+00  0.000000E+00  0.000000E+00  0.000000E+00  0.000000E+00  0.000000E+00
  -676.100  0.000000E+00  0.000000E+00  0.000000E+00  0.000000E+00  0.000000E+00  0.000000E+00
  -676.000  0.000000E+00  0.000000E+00  0.000000E+00  0.000000E+00  0.000000E+00  0.000000E+00
  -675.900  0.000000E+00  0.000000E+00  0.000000E+00  0.000000E+00  0.000000E+00  0.000000E+00
  -675.800  0.000000E+00  0.000000E+00  0.000000E+00  0.000000E+00  0.000000E+00  0.000000E+00
  -675.700  0.000000E+00  0.000000E+00  0.000000E+00  0.000000E+00  0.000000E+00  0.000000E+00
  -675.600  0.000000E+00  0.000000E+00  0.000000E+00  0.000000E+00  0.000000E+00  0.000000E+00
  -675.500  0.000000E+00  0.000000E+00  0.000000E+00  0.000000E+00  0.000000E+00  0.000000E+00
  -675.400  0.000000E+00  0.000000E+00  0.000000E+00  0.000000E+00  0.000000E+00  0.000000E+00
  -675.300  0.000000E+00  0.000000E+00  0.000000E+00  0.000000E+00  0.000000E+00  0.000000E+00
  -675.200  0.000000E+00  0.000000E+00  0.000000E+00  0.000000E+00  0.000000E+00  0.000000E+00
  -675.100  0.000000E+00  0.000000E+00  0.000000E+00  0.000000E+00  0.000000E+00  0.000000E+00
  -675.000  0.000000E+00  0.000000E+00  0.000000E+00  0.000000E+00  0.000000E+00  0.000000E+00
  -674.900  0.000000E+00  0.000000E+00  0.000000E+00  0.000000E+00  0.000000E+00  0.000000E+00
  -674.800  0.000000E+00  0.000000E+00  0.000000E+00  0.000000E+00  0.000000E+00  0.000000E+00
  -674.700  0.000000E+00  0.000000E+00  0.000000E+00  0.000000E+00  0.000000E+00  0.000000E+00
  -674.600  0.000000E+00  0.000000E+00  0.000000E+00  0.000000E+00  0.000000E+00  0.000000E+00
  -674.500  0.000000E+00  0.000000E+00  0.000000E+00  0.000000E+00  0.000000E+00  0.000000E+00
  -674.400  0.000000E+00  0.000000E+00  0.000000E+00  0.000000E+00  0.000000E+00  0.000000E+00
  -674.300  0.000000E+00  0.000000E+00  0.000000E+00  0.000000E+00  0.000000E+00  0.000000E+00
  -674.200  0.000000E+00  0.000000E+00  0.000000E+00  0.000000E+00  0.000000E+00  0.000000E+00
  -674.100  0.000000E+00  0.000000E+00  0.000000E+00  0.000000E+00  0.000000E+00  0.000000E+00
  -674.000  0.000000E+00  0.000000E+00  0.000000E+00  0.000000E+00  0.000000E+00  0.000000E+00
  -673.900  0.000000E+00  0.000000E+00  0.000000E+00  0.000000E+00  0.000000E+00  0.000000E+00
  -673.800  0.000000E+00  0.000000E+00  0.000000E+00  0.000000E+00  0.000000E+00  0.000000E+00
  -673.700  0.000000E+00  0.000000E+00  0.000000E+00  0.000000E+00  0.000000E+00  0.000000E+00
  -673.600  0.000000E+00  0.000000E+00  0.000000E+00  0.000000E+00  0.000000E+00  0.000000E+00
  -673.500  0.000000E+00  0.000000E+00  0.000000E+00  0.000000E+00  0.000000E+00  0.000000E+00
  -673.400  0.000000E+00  0.000000E+00  0.000000E+00  0.000000E+00  0.000000E+00  0.000000E+00
  -673.300  0.000000E+00  0.000000E+00  0.000000E+00  0.000000E+00  0.000000E+00  0.000000E+00
  -673.200  0.000000E+00  0.000000E+00  0.000000E+00  0.000000E+00  0.000000E+00  0.000000E+00
  -673.100  0.000000E+00  0.000000E+00  0.000000E+00  0.000000E+00  0.000000E+00  0.000000E+00
  -673.000  0.000000E+00  0.000000E+00  0.000000E+00  0.000000E+00  0.000000E+00  0.000000E+00
  -672.900  0.000000E+00  0.000000E+00  0.000000E+00  0.000000E+00  0.000000E+00  0.000000E+00
  -672.800  0.000000E+00  0.000000E+00  0.000000E+00  0.000000E+00  0.000000E+00  0.000000E+00
  -672.700  0.000000E+00  0.000000E+00  0.000000E+00  0.000000E+00  0.000000E+00  0.000000E+00
  -672.600  0.000000E+00  0.000000E+00  0.000000E+00  0.000000E+00  0.000000E+00  0.000000E+00
  -672.500  0.000000E+00  0.000000E+00  0.000000E+00  0.000000E+00  0.000000E+00  0.000000E+00
  -672.400  0.000000E+00  0.000000E+00  0.000000E+00  0.000000E+00  0.000000E+00  0.000000E+00
  -672.300  0.000000E+00  0.000000E+00  0.000000E+00  0.000000E+00  0.000000E+00  0.000000E+00
  -672.200  0.000000E+00  0.000000E+00  0.000000E+00  0.000000E+00  0.000000E+00  0.000000E+00
  -672.100  0.000000E+00  0.000000E+00  0.000000E+00  0.000000E+00  0.000000E+00  0.000000E+00
  -672.000  0.000000E+00  0.000000E+00  0.000000E+00  0.000000E+00  0.000000E+00  0.000000E+00
  -671.900  0.000000E+00  0.000000E+00  0.000000E+00  0.000000E+00  0.000000E+00  0.000000E+00
  -671.800  0.000000E+00  0.000000E+00  0.000000E+00  0.000000E+00  0.000000E+00  0.000000E+00
  -671.700  0.000000E+00  0.000000E+00  0.000000E+00  0.000000E+00  0.000000E+00  0.000000E+00
  -671.600  0.000000E+00  0.000000E+00  0.000000E+00  0.000000E+00  0.000000E+00  0.000000E+00
  -671.500  0.000000E+00  0.000000E+00  0.000000E+00  0.000000E+00  0.000000E+00  0.000000E+00
  -671.400  0.000000E+00  0.000000E+00  0.000000E+00  0.000000E+00  0.000000E+00  0.000000E+00
  -671.300  0.000000E+00  0.000000E+00  0.000000E+00  0.000000E+00  0.000000E+00  0.000000E+00
  -671.200  0.000000E+00  0.000000E+00  0.000000E+00  0.000000E+00  0.000000E+00  0.000000E+00
  -671.100  0.000000E+00  0.000000E+00  0.000000E+00  0.000000E+00  0.000000E+00  0.000000E+00
  -671.000  0.000000E+00  0.000000E+00  0.000000E+00  0.000000E+00  0.000000E+00  0.000000E+00
  -670.900  0.000000E+00  0.000000E+00  0.000000E+00  0.000000E+00  0.000000E+00  0.000000E+00
  -670.800  0.000000E+00  0.000000E+00  0.000000E+00  0.000000E+00  0.000000E+00  0.000000E+00
  -670.700  0.000000E+00  0.000000E+00  0.000000E+00  0.000000E+00  0.000000E+00  0.000000E+00
  -670.600  0.000000E+00  0.000000E+00  0.000000E+00  0.000000E+00  0.000000E+00  0.000000E+00
  -670.500  0.000000E+00  0.000000E+00  0.000000E+00  0.000000E+00  0.000000E+00  0.000000E+00
  -670.400  0.000000E+00  0.000000E+00  0.000000E+00  0.000000E+00  0.000000E+00  0.000000E+00
  -670.300  0.000000E+00  0.000000E+00  0.000000E+00  0.000000E+00  0.000000E+00  0.000000E+00
  -670.200  0.000000E+00  0.000000E+00  0.000000E+00  0.000000E+00  0.000000E+00  0.000000E+00
  -670.100  0.000000E+00  0.000000E+00  0.000000E+00  0.000000E+00  0.000000E+00  0.000000E+00
  -670.000  0.000000E+00  0.000000E+00  0.000000E+00  0.000000E+00  0.000000E+00  0.000000E+00
  -669.900  0.000000E+00  0.000000E+00  0.000000E+00  0.000000E+00  0.000000E+00  0.000000E+00
  -669.800  0.000000E+00  0.000000E+00  0.000000E+00  0.000000E+00  0.000000E+00  0.000000E+00
  -669.700  0.000000E+00  0.000000E+00  0.000000E+00  0.000000E+00  0.000000E+00  0.000000E+00
  -669.600  0.000000E+00  0.000000E+00  0.000000E+00  0.000000E+00  0.000000E+00  0.000000E+00
  -669.500  0.000000E+00  0.000000E+00  0.000000E+00  0.000000E+00  0.000000E+00  0.000000E+00
  -669.400  0.000000E+00  0.000000E+00  0.000000E+00  0.000000E+00  0.000000E+00  0.000000E+00
  -669.300  0.000000E+00  0.000000E+00  0.000000E+00  0.000000E+00  0.000000E+00  0.000000E+00
  -669.200  0.000000E+00  0.000000E+00  0.000000E+00  0.000000E+00  0.000000E+00  0.000000E+00
  -669.100  0.000000E+00  0.000000E+00  0.000000E+00  0.000000E+00  0.000000E+00  0.000000E+00
  -669.000  0.000000E+00  0.000000E+00  0.000000E+00  0.000000E+00  0.000000E+00  0.000000E+00
  -668.900  0.000000E+00  0.000000E+00  0.000000E+00  0.000000E+00  0.000000E+00  0.000000E+00
  -668.800  0.000000E+00  0.000000E+00  0.000000E+00  0.000000E+00  0.000000E+00  0.000000E+00
  -668.700  0.000000E+00  0.000000E+00  0.000000E+00  0.000000E+00  0.000000E+00  0.000000E+00
  -668.600  0.000000E+00  0.000000E+00  0.000000E+00  0.000000E+00  0.000000E+00  0.000000E+00
  -668.500  0.000000E+00  0.000000E+00  0.000000E+00  0.000000E+00  0.000000E+00  0.000000E+00
  -668.400  0.000000E+00  0.000000E+00  0.000000E+00  0.000000E+00  0.000000E+00  0.000000E+00
  -668.300  0.000000E+00  0.000000E+00  0.000000E+00  0.000000E+00  0.000000E+00  0.000000E+00
  -668.200  0.000000E+00  0.000000E+00  0.000000E+00  0.000000E+00  0.000000E+00  0.000000E+00
  -668.100  0.000000E+00  0.000000E+00  0.000000E+00  0.000000E+00  0.000000E+00  0.000000E+00
  -668.000  0.000000E+00  0.000000E+00  0.000000E+00  0.000000E+00  0.000000E+00  0.000000E+00
  -667.900  0.000000E+00  0.000000E+00  0.000000E+00  0.000000E+00  0.000000E+00  0.000000E+00
  -667.800  0.000000E+00  0.000000E+00  0.000000E+00  0.000000E+00  0.000000E+00  0.000000E+00
  -667.700  0.000000E+00  0.000000E+00  0.190690E-05  0.194395E-05  0.196780E-05  0.197802E-05
  -667.600  0.000000E+00  0.269364E-05  0.317817E-05  0.323991E-05  0.327967E-05  0.329670E-05
  -667.500  0.000000E+00  0.430982E-05  0.508507E-05  0.518386E-05  0.524748E-05  0.527473E-05
  -667.400  0.000000E+00  0.646473E-05  0.762760E-05  0.777579E-05  0.787121E-05  0.791209E-05
  -667.300  0.000000E+00  0.102358E-04  0.120770E-04  0.123117E-04  0.124628E-04  0.125275E-04
  -667.200  0.000000E+00  0.150844E-04  0.177977E-04  0.181435E-04  0.183662E-04  0.184615E-04
  -667.100  0.000000E+00  0.226265E-04  0.266966E-04  0.272153E-04  0.275493E-04  0.276923E-04
  -667.000  0.000000E+00  0.358213E-04  0.432199E-04  0.443501E-04  0.452105E-04  0.461538E-04
  -666.900  0.000000E+00  0.503669E-04  0.603820E-04  0.618456E-04  0.629207E-04  0.639560E-04
  -666.800  0.000000E+00  0.708385E-04  0.845360E-04  0.864690E-04  0.878462E-04  0.890110E-04
  -666.700  0.000000E+00  0.112677E-03  0.133793E-03  0.136721E-03  0.138782E-03  0.140440E-03
  -666.600  0.000000E+00  0.152808E-03  0.182098E-03  0.186255E-03  0.189240E-03  0.191868E-03
  -666.500  0.000000E+00  0.216986E-03  0.259028E-03  0.265088E-03  0.269502E-03  0.273626E-03
  -666.400  0.000000E+00  0.300837E-03  0.359765E-03  0.368402E-03  0.374782E-03  0.381099E-03
  -666.300  0.000000E+00  0.406515E-03  0.486852E-03  0.498787E-03  0.507706E-03  0.516923E-03
  -666.200  0.000000E+00  0.549435E-03  0.659086E-03  0.675606E-03  0.688094E-03  0.701538E-03
  -666.100  0.000000E+00  0.748283E-03  0.898050E-03  0.920818E-03  0.938165E-03  0.957363E-03
  -666.000  0.000000E+00  0.997055E-03  0.119736E-02  0.122809E-02  0.125168E-02  0.127846E-02
  -665.900  0.000000E+00  0.131226E-02  0.157675E-02  0.161765E-02  0.164926E-02  0.168593E-02
  -665.800  0.000000E+00  0.171687E-02  0.206478E-02  0.211915E-02  0.216155E-02  0.221209E-02
  -665.700  0.000000E+00  0.223260E-02  0.268584E-02  0.275722E-02  0.281323E-02  0.288132E-02
  -665.600  0.000000E+00  0.287104E-02  0.345462E-02  0.354720E-02  0.362028E-02  0.371077E-02
  -665.500  0.000000E+00  0.367541E-02  0.442230E-02  0.454152E-02  0.463613E-02  0.475516E-02
  -665.400  0.000000E+00  0.466633E-02  0.561275E-02  0.576453E-02  0.588547E-02  0.603956E-02
  -665.300  0.000000E+00  0.589578E-02  0.708756E-02  0.727932E-02  0.743263E-02  0.762989E-02
  -665.200  0.000000E+00  0.738007E-02  0.886283E-02  0.910168E-02  0.929298E-02  0.954066E-02
  -665.100  0.000000E+00  0.917735E-02  0.110060E-01  0.113004E-01  0.115362E-01  0.118424E-01
  -665.000  0.000000E+00  0.113228E-01  0.135584E-01  0.139175E-01  0.142053E-01  0.145793E-01
  -664.900  0.000000E+00  0.138788E-01  0.165872E-01  0.170205E-01  0.173671E-01  0.178160E-01
  -664.800  0.000000E+00  0.168788E-01  0.201295E-01  0.206466E-01  0.210590E-01  0.215901E-01
  -664.700  0.000000E+00  0.203781E-01  0.242437E-01  0.248536E-01  0.253381E-01  0.259556E-01
  -664.600  0.000000E+00  0.244108E-01  0.289641E-01  0.296753E-01  0.302370E-01  0.309429E-01
  -664.500  0.000000E+00  0.290065E-01  0.343228E-01  0.351439E-01  0.357880E-01  0.365835E-01
  -664.400  0.000000E+00  0.341969E-01  0.403441E-01  0.412803E-01  0.420084E-01  0.428868E-01
  -664.300  0.000000E+00  0.399794E-01  0.470229E-01  0.480791E-01  0.488921E-01  0.498455E-01
  -664.200  0.000000E+00  0.463475E-01  0.543443E-01  0.555227E-01  0.564191E-01  0.574345E-01
  -664.100  0.000000E+00  0.532990E-01  0.623046E-01  0.636069E-01  0.645846E-01  0.656473E-01
  -664.000  0.000000E+00  0.607583E-01  0.708105E-01  0.722352E-01  0.732889E-01  0.743789E-01
  -663.900  0.000000E+00  0.686887E-01  0.798189E-01  0.813629E-01  0.824859E-01  0.835807E-01
  -663.800  0.000000E+00  0.770251E-01  0.892625E-01  0.909235E-01  0.921105E-01  0.931905E-01
  -663.700  0.000000E+00  0.856541E-01  0.990139E-01  0.100788E+00  0.102032E+00  0.103077E+00
  -663.600  0.000000E+00  0.944979E-01  0.108993E+00  0.110877E+00  0.112173E+00  0.113166E+00
  -663.500  0.000000E+00  0.103442E+00  0.119086E+00  0.121079E+00  0.122425E+00  0.123358E+00
  -663.400  0.000000E+00  0.112383E+00  0.129188E+00  0.131292E+00  0.132689E+00  0.133558E+00
  -663.300  0.000000E+00  0.121205E+00  0.139180E+00  0.141399E+00  0.142849E+00  0.143660E+00
  -663.200  0.000000E+00  0.129789E+00  0.148956E+00  0.151299E+00  0.152813E+00  0.153587E+00
  -663.100  0.000000E+00  0.138050E+00  0.158434E+00  0.160913E+00  0.162505E+00  0.163273E+00
  -663.000  0.000000E+00  0.145855E+00  0.167484E+00  0.170116E+00  0.171804E+00  0.172606E+00
  -662.900  0.000000E+00  0.153137E+00  0.176043E+00  0.178848E+00  0.180655E+00  0.181546E+00
  -662.800  0.000000E+00  0.159806E+00  0.184023E+00  0.187024E+00  0.188978E+00  0.190021E+00
  -662.700  0.000000E+00  0.165748E+00  0.191302E+00  0.194523E+00  0.196654E+00  0.197918E+00
  -662.600  0.000000E+00  0.170895E+00  0.197800E+00  0.201264E+00  0.203600E+00  0.205158E+00
  -662.500  0.000000E+00  0.175199E+00  0.203459E+00  0.207189E+00  0.209759E+00  0.211685E+00
  -662.400  0.000000E+00  0.178584E+00  0.208175E+00  0.212189E+00  0.215018E+00  0.217383E+00
  -662.300  0.000000E+00  0.181009E+00  0.211877E+00  0.216185E+00  0.219294E+00  0.222156E+00
  -662.200  0.000000E+00  0.182402E+00  0.214461E+00  0.219070E+00  0.222470E+00  0.225882E+00
  -662.100  0.000000E+00  0.182774E+00  0.215902E+00  0.220804E+00  0.224501E+00  0.228494E+00
  -662.000  0.000000E+00  0.182144E+00  0.216173E+00  0.221353E+00  0.225339E+00  0.229925E+00
  -661.900  0.000000E+00  0.180524E+00  0.215255E+00  0.220687E+00  0.224944E+00  0.230116E+00
  -661.800  0.000000E+00  0.178006E+00  0.213185E+00  0.218825E+00  0.223321E+00  0.229039E+00
  -661.700  0.000000E+00  0.174679E+00  0.210027E+00  0.215825E+00  0.220517E+00  0.226719E+00
  -661.600  0.000000E+00  0.170668E+00  0.205873E+00  0.211767E+00  0.216599E+00  0.223199E+00
  -661.500  0.000000E+00  0.166147E+00  0.200866E+00  0.206780E+00  0.211683E+00  0.218562E+00
  -661.400  0.000000E+00  0.161298E+00  0.195172E+00  0.201023E+00  0.205918E+00  0.212937E+00
  -661.300  0.000000E+00  0.156296E+00  0.188958E+00  0.194655E+00  0.199456E+00  0.206455E+00
  -661.200  0.000000E+00  0.151353E+00  0.182430E+00  0.187878E+00  0.192489E+00  0.199290E+00
  -661.100  0.000000E+00  0.146672E+00  0.175796E+00  0.180895E+00  0.185219E+00  0.191631E+00
  -661.000  0.000000E+00  0.142408E+00  0.169233E+00  0.173885E+00  0.177823E+00  0.183653E+00
  -660.900  0.000000E+00  0.138726E+00  0.162927E+00  0.167039E+00  0.170495E+00  0.175551E+00
  -660.800  0.000000E+00  0.135751E+00  0.157043E+00  0.160527E+00  0.163409E+00  0.167506E+00
  -660.700  0.000000E+00  0.133524E+00  0.151661E+00  0.154438E+00  0.156667E+00  0.159638E+00
  -660.600  0.000000E+00  0.132107E+00  0.146895E+00  0.148900E+00  0.150406E+00  0.152106E+00
  -660.500  0.000000E+00  0.131440E+00  0.142742E+00  0.143925E+00  0.144653E+00  0.144967E+00
  -660.400  0.000000E+00  0.131446E+00  0.139185E+00  0.139514E+00  0.139430E+00  0.138276E+00
  -660.300  0.000000E+00  0.132017E+00  0.136187E+00  0.135649E+00  0.134735E+00  0.132072E+00
  -660.200  0.000000E+00  0.132966E+00  0.133621E+00  0.132222E+00  0.130483E+00  0.126309E+00
  -660.100  0.000000E+00  0.134160E+00  0.131423E+00  0.129190E+00  0.126648E+00  0.120999E+00
  -660.000  0.000000E+00  0.135349E+00  0.129409E+00  0.126388E+00  0.123089E+00  0.116047E+00
  -659.900  0.000000E+00  0.136355E+00  0.127449E+00  0.123701E+00  0.119704E+00  0.111380E+00
  -659.800  0.000000E+00  0.137024E+00  0.125439E+00  0.121040E+00  0.116420E+00  0.106956E+00
  -659.700  0.000000E+00  0.137208E+00  0.123270E+00  0.118310E+00  0.113154E+00  0.102715E+00
  -659.600  0.000000E+00  0.136798E+00  0.120858E+00  0.115432E+00  0.109835E+00  0.986031E-01
  -659.500  0.000000E+00  0.135819E+00  0.118244E+00  0.112451E+00  0.106511E+00  0.946734E-01
  -659.400  0.000000E+00  0.134257E+00  0.115414E+00  0.109352E+00  0.103167E+00  0.909099E-01
  -659.300  0.000000E+00  0.132197E+00  0.112457E+00  0.106224E+00  0.998892E-01  0.873956E-01
  -659.200  0.000000E+00  0.129871E+00  0.109576E+00  0.103260E+00  0.968606E-01  0.842901E-01
  -659.100  0.000000E+00  0.127478E+00  0.106952E+00  0.100632E+00  0.942454E-01  0.817411E-01
  -659.000  0.000000E+00  0.125266E+00  0.104815E+00  0.985632E-01  0.922582E-01  0.799451E-01
  -658.900  0.000000E+00  0.123605E+00  0.103511E+00  0.973885E-01  0.912211E-01  0.791987E-01
  -658.800  0.000000E+00  0.122827E+00  0.103346E+00  0.974021E-01  0.914170E-01  0.797604E-01
  -658.700  0.000000E+00  0.123286E+00  0.104671E+00  0.989499E-01  0.931853E-01  0.819547E-01
  -658.600  0.000000E+00  0.125335E+00  0.107846E+00  0.102390E+00  0.968804E-01  0.861270E-01
  -658.500  0.000000E+00  0.129325E+00  0.113232E+00  0.108080E+00  0.102857E+00  0.926215E-01
  -658.400  0.000000E+00  0.135549E+00  0.121161E+00  0.116358E+00  0.111456E+00  0.101786E+00
  -658.300  0.000000E+00  0.144229E+00  0.131898E+00  0.127496E+00  0.122958E+00  0.113912E+00
  -658.200  0.000000E+00  0.155613E+00  0.145760E+00  0.141826E+00  0.137705E+00  0.129360E+00
  -658.100  0.000000E+00  0.169824E+00  0.162922E+00  0.159533E+00  0.155893E+00  0.148345E+00
  -658.000  0.000000E+00  0.186916E+00  0.183526E+00  0.180777E+00  0.177703E+00  0.171080E+00
  -657.900  0.000000E+00  0.206886E+00  0.207624E+00  0.205625E+00  0.203210E+00  0.197664E+00
  -657.800  0.000000E+00  0.229672E+00  0.235218E+00  0.234097E+00  0.232451E+00  0.228161E+00
  -657.700  0.000000E+00  0.255050E+00  0.266119E+00  0.266010E+00  0.265255E+00  0.262419E+00
  -657.600  0.000000E+00  0.282811E+00  0.300136E+00  0.301183E+00  0.301447E+00  0.300277E+00
  -657.500  0.000000E+00  0.312602E+00  0.336891E+00  0.339235E+00  0.340644E+00  0.341353E+00
  -657.400  0.000000E+00  0.343997E+00  0.375910E+00  0.379684E+00  0.382359E+00  0.385151E+00
  -657.300  0.000000E+00  0.376451E+00  0.416550E+00  0.421871E+00  0.425919E+00  0.430975E+00
  -657.200  0.000000E+00  0.409403E+00  0.458106E+00  0.465064E+00  0.470567E+00  0.478029E+00
  -657.100  0.000000E+00  0.442174E+00  0.499753E+00  0.508412E+00  0.515430E+00  0.525402E+00
  -657.000  0.000000E+00  0.474077E+00  0.540586E+00  0.550966E+00  0.559519E+00  0.572041E+00
  -656.900  0.000000E+00  0.504341E+00  0.579616E+00  0.591697E+00  0.601769E+00  0.616818E+00
  -656.800  0.000000E+00  0.532231E+00  0.615869E+00  0.629581E+00  0.641112E+00  0.658597E+00
  -656.700  0.000000E+00  0.557028E+00  0.648373E+00  0.663598E+00  0.676487E+00  0.696243E+00
  -656.600  0.000000E+00  0.578058E+00  0.676223E+00  0.692796E+00  0.706898E+00  0.728690E+00
  -656.500  0.000000E+00  0.594784E+00  0.698652E+00  0.716364E+00  0.731493E+00  0.755020E+00
  -656.400  0.000000E+00  0.606725E+00  0.714992E+00  0.733595E+00  0.749532E+00  0.774435E+00
  -656.300  0.000000E+00  0.613667E+00  0.724869E+00  0.744081E+00  0.760576E+00  0.786443E+00
  -656.200  0.000000E+00  0.615496E+00  0.728056E+00  0.747571E+00  0.764351E+00  0.790730E+00
  -656.100  0.000000E+00  0.612354E+00  0.724616E+00  0.744107E+00  0.760880E+00  0.787286E+00
  -656.000  0.000000E+00  0.604518E+00  0.714813E+00  0.733949E+00  0.750414E+00  0.776345E+00
  -655.900  0.000000E+00  0.592536E+00  0.699213E+00  0.717657E+00  0.733512E+00  0.758453E+00
  -655.800  0.000000E+00  0.577051E+00  0.678532E+00  0.695958E+00  0.710903E+00  0.734342E+00
  -655.700  0.000000E+00  0.558889E+00  0.653699E+00  0.669792E+00  0.683539E+00  0.704974E+00
  -655.600  0.000000E+00  0.538918E+00  0.625740E+00  0.640213E+00  0.652495E+00  0.671453E+00
  -655.500  0.000000E+00  0.518073E+00  0.595751E+00  0.608341E+00  0.618909E+00  0.634944E+00
  -655.400  0.000000E+00  0.497243E+00  0.564818E+00  0.575296E+00  0.583931E+00  0.596641E+00
  -655.300  0.000000E+00  0.477257E+00  0.533987E+00  0.542165E+00  0.548685E+00  0.557724E+00
  -655.200  0.000000E+00  0.458793E+00  0.504147E+00  0.509879E+00  0.514138E+00  0.519224E+00
  -655.100  0.000000E+00  0.442371E+00  0.476038E+00  0.479222E+00  0.481115E+00  0.482033E+00
  -655.000  0.000000E+00  0.428388E+00  0.450272E+00  0.450854E+00  0.450320E+00  0.446934E+00
  -654.900  0.000000E+00  0.416942E+00  0.427158E+00  0.425134E+00  0.422158E+00  0.414419E+00
  -654.800  0.000000E+00  0.408017E+00  0.406857E+00  0.402265E+00  0.396877E+00  0.384812E+00
  -654.700  0.000000E+00  0.401385E+00  0.389333E+00  0.382262E+00  0.374537E+00  0.358270E+00
  -654.600  0.000000E+00  0.396693E+00  0.374376E+00  0.364954E+00  0.355011E+00  0.334742E+00
  -654.500  0.000000E+00  0.393425E+00  0.361597E+00  0.349990E+00  0.337985E+00  0.313990E+00
  -654.400  0.000000E+00  0.391104E+00  0.350626E+00  0.337035E+00  0.323156E+00  0.295780E+00
  -654.300  0.000000E+00  0.389092E+00  0.340907E+00  0.325559E+00  0.310025E+00  0.279670E+00
  -654.200  0.000000E+00  0.386925E+00  0.332027E+00  0.315167E+00  0.298215E+00  0.265324E+00
  -654.100  0.000000E+00  0.384036E+00  0.323448E+00  0.305335E+00  0.287218E+00  0.252264E+00
  -654.000  0.000000E+00  0.380009E+00  0.314764E+00  0.295663E+00  0.276638E+00  0.240109E+00
  -653.900  0.000000E+00  0.374543E+00  0.305669E+00  0.285846E+00  0.266173E+00  0.228560E+00
  -653.800  0.000000E+00  0.367403E+00  0.295896E+00  0.275609E+00  0.255541E+00  0.217321E+00
  -653.700  0.000000E+00  0.358442E+00  0.285258E+00  0.264756E+00  0.244536E+00  0.206167E+00
  -653.600  0.000000E+00  0.347662E+00  0.273713E+00  0.253229E+00  0.233084E+00  0.194993E+00
  -653.500  0.000000E+00  0.335143E+00  0.261273E+00  0.241022E+00  0.221160E+00  0.183733E+00
  -653.400  0.000000E+00  0.320983E+00  0.247975E+00  0.228153E+00  0.208762E+00  0.172347E+00
  -653.300  0.000000E+00  0.305369E+00  0.233935E+00  0.214714E+00  0.195960E+00  0.160858E+00
  -653.200  0.000000E+00  0.288567E+00  0.219341E+00  0.200873E+00  0.182897E+00  0.149362E+00
  -653.100  0.000000E+00  0.270797E+00  0.204348E+00  0.186762E+00  0.169686E+00  0.137934E+00
  -653.000  0.000000E+00  0.252329E+00  0.189134E+00  0.172535E+00  0.156455E+00  0.126650E+00
  -652.900  0.000000E+00  0.233478E+00  0.173943E+00  0.158417E+00  0.143409E+00  0.115678E+00
  -652.800  0.000000E+00  0.214514E+00  0.158962E+00  0.144571E+00  0.130689E+00  0.105120E+00
  -652.700  0.000000E+00  0.195736E+00  0.144406E+00  0.131190E+00  0.118470E+00  0.951110E-01
  -652.600  0.000000E+00  0.177420E+00  0.130466E+00  0.118448E+00  0.106904E+00  0.857725E-01
  -652.500  0.000000E+00  0.159856E+00  0.117371E+00  0.106556E+00  0.961906E-01  0.772807E-01
  -652.400  0.000000E+00  0.143272E+00  0.105272E+00  0.956500E-01  0.864498E-01  0.697303E-01
  -652.300  0.000000E+00  0.127976E+00  0.944147E-01  0.859609E-01  0.778991E-01  0.633167E-01
  -652.200  0.000000E+00  0.114179E+00  0.849648E-01  0.776465E-01  0.706907E-01  0.581864E-01
  -652.100  0.000000E+00  0.102101E+00  0.771065E-01  0.708839E-01  0.649961E-01  0.545040E-01
  -652.000  0.000000E+00  0.919418E-01  0.710162E-01  0.658463E-01  0.609867E-01  0.524426E-01
  -651.900  0.000000E+00  0.838615E-01  0.668586E-01  0.627019E-01  0.588354E-01  0.521873E-01
  -651.800  0.000000E+00  0.780102E-01  0.647777E-01  0.615958E-01  0.586894E-01  0.538945E-01
  -651.700  0.000000E+00  0.744535E-01  0.648811E-01  0.626476E-01  0.606816E-01  0.577242E-01
  -651.600  0.000000E+00  0.732514E-01  0.672696E-01  0.659705E-01  0.649375E-01  0.638290E-01
  -651.500  0.000000E+00  0.744117E-01  0.719877E-01  0.716186E-01  0.715215E-01  0.722938E-01
  -651.400  0.000000E+00  0.778635E-01  0.790291E-01  0.796038E-01  0.804637E-01  0.831853E-01
  -651.300  0.000000E+00  0.834985E-01  0.883345E-01  0.898788E-01  0.917280E-01  0.964879E-01
  -651.200  0.000000E+00  0.911244E-01  0.997522E-01  0.102303E+00  0.105184E+00  0.112091E+00
  -651.100  0.000000E+00  0.100560E+00  0.113154E+00  0.116759E+00  0.120727E+00  0.129909E+00
  -651.000  0.000000E+00  0.111447E+00  0.128192E+00  0.132903E+00  0.138013E+00  0.149593E+00
  -650.900  0.000000E+00  0.123458E+00  0.144541E+00  0.150408E+00  0.156712E+00  0.170806E+00
  -650.800  0.000000E+00  0.136192E+00  0.161782E+00  0.168848E+00  0.176392E+00  0.193095E+00
  -650.700  0.000000E+00  0.149211E+00  0.179416E+00  0.187708E+00  0.196519E+00  0.215882E+00
  -650.600  0.000000E+00  0.162011E+00  0.196879E+00  0.206407E+00  0.216491E+00  0.238523E+00
  -650.500  0.000000E+00  0.174165E+00  0.213644E+00  0.224389E+00  0.235724E+00  0.260366E+00
  -650.400  0.000000E+00  0.185155E+00  0.229084E+00  0.240999E+00  0.253532E+00  0.280662E+00
  -650.300  0.000000E+00  0.194585E+00  0.242673E+00  0.255675E+00  0.269319E+00  0.298736E+00
  -650.200  0.000000E+00  0.202044E+00  0.253872E+00  0.267844E+00  0.282473E+00  0.313903E+00
  -650.100  0.000000E+00  0.207243E+00  0.262258E+00  0.277051E+00  0.292506E+00  0.325602E+00
  -650.000  0.000000E+00  0.209953E+00  0.267510E+00  0.282947E+00  0.299043E+00  0.333407E+00
  -649.900  0.000000E+00  0.210046E+00  0.269389E+00  0.285267E+00  0.301793E+00  0.336971E+00
  -649.800  0.000000E+00  0.207510E+00  0.267825E+00  0.283925E+00  0.300655E+00  0.336167E+00
  -649.700  0.000000E+00  0.202416E+00  0.262851E+00  0.278948E+00  0.295647E+00  0.331000E+00
  -649.600  0.000000E+00  0.194968E+00  0.254674E+00  0.270544E+00  0.286981E+00  0.321692E+00
  -649.500  0.000000E+00  0.185413E+00  0.243576E+00  0.259004E+00  0.274960E+00  0.308573E+00
  -649.400  0.000000E+00  0.174083E+00  0.229952E+00  0.244742E+00  0.260017E+00  0.292120E+00
  -649.300  0.000000E+00  0.161377E+00  0.214302E+00  0.228286E+00  0.242708E+00  0.272951E+00
  -649.200  0.000000E+00  0.147689E+00  0.197134E+00  0.210174E+00  0.223605E+00  0.251707E+00
  -649.100  0.000000E+00  0.133457E+00  0.179011E+00  0.191004E+00  0.203339E+00  0.229097E+00
  -649.000  0.000000E+00  0.119048E+00  0.160441E+00  0.171319E+00  0.182495E+00  0.205783E+00
  -648.900  0.000000E+00  0.104844E+00  0.141939E+00  0.151671E+00  0.161657E+00  0.182426E+00
  -648.800  0.000000E+00  0.911687E-01  0.123958E+00  0.132546E+00  0.141348E+00  0.159618E+00
  -648.700  0.000000E+00  0.782350E-01  0.106819E+00  0.114294E+00  0.121946E+00  0.137801E+00
  -648.600  0.000000E+00  0.663002E-01  0.908766E-01  0.972930E-01  0.103855E+00  0.117426E+00
  -648.500  0.000000E+00  0.554557E-01  0.763030E-01  0.817373E-01  0.872890E-01  0.987501E-01
  -648.400  0.000000E+00  0.457947E-01  0.632361E-01  0.677757E-01  0.724088E-01  0.819569E-01
  -648.300  0.000000E+00  0.373229E-01  0.517165E-01  0.554573E-01  0.592712E-01  0.671178E-01
  -648.200  0.000000E+00  0.300261E-01  0.417454E-01  0.447867E-01  0.478845E-01  0.542473E-01
  -648.100  0.100000E-03  0.238602E-01  0.332620E-01  0.356993E-01  0.381798E-01  0.432670E-01
  -648.000  0.100000E-03  0.187006E-01  0.261492E-01  0.280776E-01  0.300383E-01  0.340530E-01
  -647.900  0.200000E-03  0.144849E-01  0.202958E-01  0.217993E-01  0.233269E-01  0.264503E-01
  -647.800  0.400000E-03  0.110837E-01  0.155488E-01  0.167049E-01  0.178790E-01  0.202771E-01
  -647.700  0.600000E-03  0.837619E-02  0.117543E-01  0.126303E-01  0.135198E-01  0.153347E-01
  -647.600  0.900000E-03  0.626744E-02  0.877796E-02  0.943243E-02  0.100972E-01  0.114534E-01
  -647.500  0.140000E-02  0.466168E-02  0.647274E-02  0.695109E-02  0.743799E-02  0.843253E-02
  -647.400  0.220000E-02  0.347206E-02  0.472331E-02  0.506463E-02  0.541402E-02  0.613099E-02
  -647.300  0.340000E-02  0.261802E-02  0.341024E-02  0.364443E-02  0.388753E-02  0.439253E-02
  -647.200  0.510000E-02  0.207475E-02  0.247737E-02  0.262708E-02  0.278795E-02  0.313231E-02
  -647.100  0.760000E-02  0.176210E-02  0.180420E-02  0.188415E-02  0.197915E-02  0.219890E-02
  -647.000  0.111000E-01  0.167842E-02  0.136015E-02  0.137944E-02  0.141965E-02  0.154088E-02
  -646.900  0.160000E-01  0.180943E-02  0.109048E-02  0.105191E-02  0.104295E-02  0.108264E-02
  -646.800  0.228000E-01  0.217314E-02  0.976544E-03  0.877602E-03  0.820471E-03  0.787473E-03
  -646.700  0.321000E-01  0.279019E-02  0.981402E-03  0.810233E-03  0.697627E-03  0.586154E-03
  -646.600  0.445000E-01  0.368683E-02  0.111037E-02  0.855666E-03  0.682048E-03  0.492308E-03
  -646.500  0.608000E-01  0.492285E-02  0.134853E-02  0.986777E-03  0.735778E-03  0.449011E-03
  -646.400  0.820000E-01  0.657901E-02  0.172979E-02  0.123450E-02  0.888464E-03  0.486374E-03
  -646.300  0.109100E+00  0.869818E-02  0.222073E-02  0.155529E-02  0.108844E-02  0.540659E-03
  -646.200  0.143100E+00  0.113933E-01  0.288959E-02  0.201484E-02  0.140057E-02  0.678242E-03
  -646.100  0.185200E+00  0.147233E-01  0.371007E-02  0.257620E-02  0.177952E-02  0.841538E-03
  -646.000  0.236500E+00  0.187917E-01  0.472153E-02  0.327180E-02  0.225258E-02  0.105077E-02
  -645.900  0.297900E+00  0.236688E-01  0.594500E-02  0.411869E-02  0.283465E-02  0.132044E-02
  -645.800  0.370100E+00  0.293986E-01  0.737563E-02  0.510581E-02  0.350971E-02  0.162681E-02
  -645.700  0.453600E+00  0.360313E-01  0.903968E-02  0.625776E-02  0.430155E-02  0.199385E-02
  -645.600  0.548400E+00  0.435617E-01  0.109289E-01  0.756560E-02  0.520055E-02  0.241055E-02
  -645.500  0.654000E+00  0.519499E-01  0.130334E-01  0.902243E-02  0.620197E-02  0.287473E-02
  -645.400  0.769400E+00  0.611166E-01  0.153332E-01  0.106145E-01  0.729632E-02  0.338198E-02
  -645.300  0.892800E+00  0.709188E-01  0.177924E-01  0.123169E-01  0.846654E-02  0.392440E-02
  -645.200  0.102200E+01  0.811816E-01  0.203672E-01  0.140993E-01  0.969176E-02  0.449231E-02
  -645.100  0.115410E+01  0.916749E-01  0.229998E-01  0.159217E-01  0.109445E-01  0.507297E-02
  -645.000  0.128550E+01  0.102113E+00  0.256184E-01  0.177345E-01  0.121906E-01  0.565055E-02
  -644.900  0.141240E+01  0.112193E+00  0.281474E-01  0.194851E-01  0.133940E-01  0.620835E-02
  -644.800  0.153080E+01  0.121598E+00  0.305069E-01  0.211186E-01  0.145168E-01  0.672879E-02
  -644.700  0.163650E+01  0.129994E+00  0.326134E-01  0.225768E-01  0.155191E-01  0.719341E-02
  -644.600  0.172590E+01  0.137095E+00  0.343950E-01  0.238101E-01  0.163669E-01  0.758637E-02
  -644.500  0.179530E+01  0.142608E+00  0.357781E-01  0.247675E-01  0.170251E-01  0.789143E-02
  -644.400  0.184230E+01  0.146341E+00  0.367148E-01  0.254159E-01  0.174708E-01  0.809802E-02
  -644.300  0.186470E+01  0.148121E+00  0.371612E-01  0.257250E-01  0.176832E-01  0.819648E-02
  -644.200  0.186180E+01  0.147890E+00  0.371034E-01  0.256849E-01  0.176557E-01  0.818374E-02
  -644.100  0.183360E+01  0.145650E+00  0.365414E-01  0.252959E-01  0.173883E-01  0.805978E-02
  -644.000  0.178130E+01  0.141496E+00  0.354991E-01  0.245744E-01  0.168923E-01  0.782989E-02
  -643.900  0.170700E+01  0.135594E+00  0.340184E-01  0.235494E-01  0.161877E-01  0.750330E-02
  -643.800  0.161350E+01  0.128167E+00  0.321551E-01  0.222595E-01  0.153010E-01  0.709231E-02
  -643.700  0.150440E+01  0.119501E+00  0.299808E-01  0.207543E-01  0.142664E-01  0.661275E-02
  -643.600  0.138360E+01  0.109905E+00  0.275734E-01  0.190878E-01  0.131209E-01  0.608176E-02
  -643.500  0.125520E+01  0.997057E-01  0.250146E-01  0.173164E-01  0.119032E-01  0.551736E-02
  -643.400  0.112320E+01  0.892204E-01  0.223840E-01  0.154954E-01  0.106514E-01  0.493714E-02
  -643.300  0.991400E+00  0.787510E-01  0.197574E-01  0.136771E-01  0.940157E-02  0.435780E-02
  -643.200  0.863200E+00  0.685675E-01  0.172025E-01  0.119085E-01  0.818584E-02  0.379429E-02
  -643.100  0.741300E+00  0.588845E-01  0.147732E-01  0.102268E-01  0.702984E-02  0.325846E-02
  -643.000  0.628000E+00  0.498846E-01  0.125153E-01  0.866374E-02  0.595540E-02  0.276044E-02
  -642.900  0.524700E+00  0.416791E-01  0.104566E-01  0.723864E-02  0.497580E-02  0.230637E-02
  -642.800  0.432500E+00  0.343552E-01  0.861919E-02  0.596667E-02  0.410145E-02  0.190110E-02
  -642.700  0.351600E+00  0.279290E-01  0.700695E-02  0.485059E-02  0.333427E-02  0.154549E-02
  -642.600  0.281900E+00  0.223925E-01  0.561792E-02  0.388903E-02  0.267329E-02  0.123912E-02
  -642.500  0.223000E+00  0.177138E-01  0.444411E-02  0.307645E-02  0.211474E-02  0.980220E-03
  -642.400  0.174000E+00  0.138215E-01  0.346760E-02  0.240046E-02  0.165006E-02  0.764835E-03
  -642.300  0.133900E+00  0.106362E-01  0.266846E-02  0.184725E-02  0.126979E-02  0.588571E-03
  -642.200  0.101600E+00  0.807050E-02  0.202476E-02  0.140165E-02  0.963486E-03  0.446593E-03
  -642.100  0.761000E-01  0.604493E-02  0.151658E-02  0.104986E-02  0.721666E-03  0.334505E-03
  -642.000  0.562000E-01  0.446420E-02  0.112000E-02  0.775322E-03  0.532952E-03  0.247033E-03
  -641.900  0.409000E-01  0.324885E-02  0.815086E-03  0.564247E-03  0.387860E-03  0.179780E-03
  -641.800  0.294000E-01  0.233536E-02  0.585905E-03  0.405595E-03  0.278804E-03  0.129231E-03
  -641.700  0.208000E-01  0.165223E-02  0.414518E-03  0.286952E-03  0.197249E-03  0.914286E-04
  -641.600  0.146000E-01  0.115974E-02  0.290960E-03  0.201418E-03  0.138454E-03  0.641758E-04
  -641.500  0.100000E-01  0.794341E-03  0.199288E-03  0.137958E-03  0.948313E-04  0.439560E-04
  -641.400  0.680000E-02  0.540152E-03  0.135516E-03  0.938112E-04  0.644853E-04  0.298901E-04
  -641.300  0.460000E-02  0.365397E-03  0.916723E-04  0.634605E-04  0.436224E-04  0.202198E-04
  -641.200  0.300000E-02  0.238302E-03  0.597863E-04  0.413873E-04  0.284494E-04  0.131868E-04
  -641.100  0.200000E-02  0.158868E-03  0.398575E-04  0.275915E-04  0.189663E-04  0.879121E-05
  -641.000  0.130000E-02  0.103264E-03  0.259074E-04  0.179345E-04  0.123281E-04  0.571429E-05
  -640.900  0.800000E-03  0.635473E-04  0.159430E-04  0.110366E-04  0.758650E-05  0.351648E-05
  -640.800  0.500000E-03  0.397170E-04  0.996438E-05  0.689788E-05  0.474156E-05  0.219780E-05
  -640.700  0.300000E-03  0.238302E-04  0.597863E-05  0.413873E-05  0.284494E-05  0.000000E+00
  -640.600  0.200000E-03  0.158868E-04  0.398575E-05  0.275915E-05  0.189663E-05  0.000000E+00
  -640.500  0.100000E-03  0.794341E-05  0.199288E-05  0.000000E+00  0.000000E+00  0.000000E+00
  -640.400  0.100000E-03  0.794341E-05  0.199288E-05  0.000000E+00  0.000000E+00  0.000000E+00
  -640.300  0.000000E+00  0.000000E+00  0.000000E+00  0.000000E+00  0.000000E+00  0.000000E+00
  -640.200  0.000000E+00  0.000000E+00  0.000000E+00  0.000000E+00  0.000000E+00  0.000000E+00
  -640.100  0.000000E+00  0.000000E+00  0.000000E+00  0.000000E+00  0.000000E+00  0.000000E+00
  -640.000  0.000000E+00  0.000000E+00  0.000000E+00  0.000000E+00  0.000000E+00  0.000000E+00
  -639.900  0.000000E+00  0.000000E+00  0.000000E+00  0.000000E+00  0.000000E+00  0.000000E+00
  -639.800  0.000000E+00  0.000000E+00  0.000000E+00  0.000000E+00  0.000000E+00  0.000000E+00
  -639.700  0.000000E+00  0.000000E+00  0.000000E+00  0.000000E+00  0.000000E+00  0.000000E+00
  -639.600  0.000000E+00  0.000000E+00  0.000000E+00  0.000000E+00  0.000000E+00  0.000000E+00
  -639.500  0.000000E+00  0.000000E+00  0.000000E+00  0.000000E+00  0.000000E+00  0.000000E+00
  -639.400  0.000000E+00  0.000000E+00  0.000000E+00  0.000000E+00  0.000000E+00  0.000000E+00
  -639.300  0.000000E+00  0.000000E+00  0.000000E+00  0.000000E+00  0.000000E+00  0.000000E+00
  -639.200  0.000000E+00  0.000000E+00  0.000000E+00  0.000000E+00  0.000000E+00  0.000000E+00
  -639.100  0.000000E+00  0.000000E+00  0.000000E+00  0.000000E+00  0.000000E+00  0.000000E+00
  -639.000  0.000000E+00  0.000000E+00  0.000000E+00  0.000000E+00  0.000000E+00  0.000000E+00
  -638.900  0.000000E+00  0.000000E+00  0.000000E+00  0.000000E+00  0.000000E+00  0.000000E+00
  -638.800  0.000000E+00  0.000000E+00  0.000000E+00  0.000000E+00  0.000000E+00  0.000000E+00
  -638.700  0.000000E+00  0.000000E+00  0.000000E+00  0.000000E+00  0.000000E+00  0.000000E+00
  -638.600  0.000000E+00  0.000000E+00  0.000000E+00  0.000000E+00  0.000000E+00  0.000000E+00
  -638.500  0.000000E+00  0.000000E+00  0.000000E+00  0.000000E+00  0.000000E+00  0.000000E+00
  -638.400  0.000000E+00  0.000000E+00  0.000000E+00  0.000000E+00  0.000000E+00  0.000000E+00
  -638.300  0.000000E+00  0.000000E+00  0.000000E+00  0.000000E+00  0.000000E+00  0.000000E+00
  -638.200  0.000000E+00  0.000000E+00  0.000000E+00  0.000000E+00  0.000000E+00  0.000000E+00
  -638.100  0.000000E+00  0.000000E+00  0.000000E+00  0.000000E+00  0.000000E+00  0.000000E+00
  -638.000  0.000000E+00  0.000000E+00  0.000000E+00  0.000000E+00  0.000000E+00  0.000000E+00
  -637.900  0.000000E+00  0.000000E+00  0.000000E+00  0.000000E+00  0.000000E+00  0.000000E+00
  -637.800  0.000000E+00  0.000000E+00  0.000000E+00  0.000000E+00  0.000000E+00  0.000000E+00
  -637.700  0.000000E+00  0.000000E+00  0.000000E+00  0.000000E+00  0.000000E+00  0.000000E+00
  -637.600  0.000000E+00  0.000000E+00  0.000000E+00  0.000000E+00  0.000000E+00  0.000000E+00
  -637.500  0.000000E+00  0.000000E+00  0.000000E+00  0.000000E+00  0.000000E+00  0.000000E+00
  -637.400  0.000000E+00  0.000000E+00  0.000000E+00  0.000000E+00  0.000000E+00  0.000000E+00
  -637.300  0.000000E+00  0.000000E+00  0.000000E+00  0.000000E+00  0.000000E+00  0.000000E+00
  -637.200  0.000000E+00  0.000000E+00  0.000000E+00  0.000000E+00  0.000000E+00  0.000000E+00
  -637.100  0.000000E+00  0.000000E+00  0.000000E+00  0.000000E+00  0.000000E+00  0.000000E+00
  -637.000  0.000000E+00  0.000000E+00  0.000000E+00  0.000000E+00  0.000000E+00  0.000000E+00
  -636.900  0.000000E+00  0.000000E+00  0.000000E+00  0.000000E+00  0.000000E+00  0.000000E+00
  -636.800  0.000000E+00  0.000000E+00  0.000000E+00  0.000000E+00  0.000000E+00  0.000000E+00
  -636.700  0.000000E+00  0.000000E+00  0.000000E+00  0.000000E+00  0.000000E+00  0.000000E+00
  -636.600  0.000000E+00  0.000000E+00  0.000000E+00  0.000000E+00  0.000000E+00  0.000000E+00
  -636.500  0.000000E+00  0.000000E+00  0.000000E+00  0.000000E+00  0.000000E+00  0.000000E+00
  -636.400  0.000000E+00  0.000000E+00  0.000000E+00  0.000000E+00  0.000000E+00  0.000000E+00
  -636.300  0.000000E+00  0.000000E+00  0.000000E+00  0.000000E+00  0.000000E+00  0.000000E+00
  -636.200  0.000000E+00  0.000000E+00  0.000000E+00  0.000000E+00  0.000000E+00  0.000000E+00
  -636.100  0.000000E+00  0.000000E+00  0.000000E+00  0.000000E+00  0.000000E+00  0.000000E+00
  -636.000  0.000000E+00  0.000000E+00  0.000000E+00  0.000000E+00  0.000000E+00  0.000000E+00
  -635.900  0.000000E+00  0.000000E+00  0.000000E+00  0.000000E+00  0.000000E+00  0.000000E+00
  -635.800  0.000000E+00  0.000000E+00  0.000000E+00  0.000000E+00  0.000000E+00  0.000000E+00
  -635.700  0.000000E+00  0.000000E+00  0.000000E+00  0.000000E+00  0.000000E+00  0.000000E+00
  -635.600  0.000000E+00  0.000000E+00  0.000000E+00  0.000000E+00  0.000000E+00  0.000000E+00
  -635.500  0.000000E+00  0.000000E+00  0.000000E+00  0.000000E+00  0.000000E+00  0.000000E+00
  -635.400  0.000000E+00  0.000000E+00  0.000000E+00  0.000000E+00  0.000000E+00  0.000000E+00
  -635.300  0.000000E+00  0.000000E+00  0.000000E+00  0.000000E+00  0.000000E+00  0.000000E+00
  -635.200  0.000000E+00  0.000000E+00  0.000000E+00  0.000000E+00  0.000000E+00  0.000000E+00
  -635.100  0.000000E+00  0.000000E+00  0.000000E+00  0.000000E+00  0.000000E+00  0.000000E+00
  -635.000  0.000000E+00  0.000000E+00  0.000000E+00  0.000000E+00  0.000000E+00  0.000000E+00
  -634.900  0.000000E+00  0.000000E+00  0.000000E+00  0.000000E+00  0.000000E+00  0.000000E+00
  -634.800  0.000000E+00  0.000000E+00  0.000000E+00  0.000000E+00  0.000000E+00  0.000000E+00
  -634.700  0.000000E+00  0.000000E+00  0.000000E+00  0.000000E+00  0.000000E+00  0.000000E+00
  -634.600  0.000000E+00  0.000000E+00  0.000000E+00  0.000000E+00  0.000000E+00  0.000000E+00
  -634.500  0.000000E+00  0.000000E+00  0.000000E+00  0.000000E+00  0.000000E+00  0.000000E+00
  -634.400  0.000000E+00  0.000000E+00  0.000000E+00  0.000000E+00  0.000000E+00  0.000000E+00
  -634.300  0.000000E+00  0.000000E+00  0.000000E+00  0.000000E+00  0.000000E+00  0.000000E+00
  -634.200  0.000000E+00  0.000000E+00  0.000000E+00  0.000000E+00  0.000000E+00  0.000000E+00
  -634.100  0.000000E+00  0.000000E+00  0.000000E+00  0.000000E+00  0.000000E+00  0.000000E+00
  -634.000  0.000000E+00  0.000000E+00  0.000000E+00  0.000000E+00  0.000000E+00  0.000000E+00
  -633.900  0.000000E+00  0.000000E+00  0.000000E+00  0.000000E+00  0.000000E+00  0.000000E+00
  -633.800  0.000000E+00  0.000000E+00  0.000000E+00  0.000000E+00  0.000000E+00  0.000000E+00
  -633.700  0.000000E+00  0.000000E+00  0.000000E+00  0.000000E+00  0.000000E+00  0.000000E+00
  -633.600  0.000000E+00  0.000000E+00  0.000000E+00  0.000000E+00  0.000000E+00  0.000000E+00
  -633.500  0.000000E+00  0.000000E+00  0.000000E+00  0.000000E+00  0.000000E+00  0.000000E+00
  -633.400  0.000000E+00  0.000000E+00  0.000000E+00  0.000000E+00  0.000000E+00  0.000000E+00
  -633.300  0.000000E+00  0.000000E+00  0.000000E+00  0.000000E+00  0.000000E+00  0.000000E+00
  -633.200  0.000000E+00  0.000000E+00  0.000000E+00  0.000000E+00  0.000000E+00  0.000000E+00
  -633.100  0.000000E+00  0.000000E+00  0.000000E+00  0.000000E+00  0.000000E+00  0.000000E+00
  -633.000  0.000000E+00  0.000000E+00  0.000000E+00  0.000000E+00  0.000000E+00  0.000000E+00
  -632.900  0.000000E+00  0.000000E+00  0.000000E+00  0.000000E+00  0.000000E+00  0.000000E+00
  -632.800  0.000000E+00  0.000000E+00  0.000000E+00  0.000000E+00  0.000000E+00  0.000000E+00
  -632.700  0.000000E+00  0.000000E+00  0.000000E+00  0.000000E+00  0.000000E+00  0.000000E+00
  -632.600  0.000000E+00  0.000000E+00  0.000000E+00  0.000000E+00  0.000000E+00  0.000000E+00
  -632.500  0.000000E+00  0.000000E+00  0.000000E+00  0.000000E+00  0.000000E+00  0.000000E+00
  -632.400  0.000000E+00  0.000000E+00  0.000000E+00  0.000000E+00  0.000000E+00  0.000000E+00
  -632.300  0.000000E+00  0.000000E+00  0.000000E+00  0.000000E+00  0.000000E+00  0.000000E+00
  -632.200  0.000000E+00  0.000000E+00  0.000000E+00  0.000000E+00  0.000000E+00  0.000000E+00
  -632.100  0.000000E+00  0.000000E+00  0.000000E+00  0.000000E+00  0.000000E+00  0.000000E+00
  -632.000  0.000000E+00  0.000000E+00  0.000000E+00  0.000000E+00  0.000000E+00  0.000000E+00
  -631.900  0.000000E+00  0.000000E+00  0.000000E+00  0.000000E+00  0.000000E+00  0.000000E+00
  -631.800  0.000000E+00  0.000000E+00  0.000000E+00  0.000000E+00  0.000000E+00  0.000000E+00
  -631.700  0.000000E+00  0.000000E+00  0.000000E+00  0.000000E+00  0.000000E+00  0.000000E+00
  -631.600  0.000000E+00  0.000000E+00  0.000000E+00  0.000000E+00  0.000000E+00  0.000000E+00
  -631.500  0.000000E+00  0.000000E+00  0.000000E+00  0.000000E+00  0.000000E+00  0.000000E+00
  -631.400  0.000000E+00  0.000000E+00  0.000000E+00  0.000000E+00  0.000000E+00  0.000000E+00
  -631.300  0.000000E+00  0.000000E+00  0.000000E+00  0.000000E+00  0.000000E+00  0.000000E+00
  -631.200  0.000000E+00  0.000000E+00  0.000000E+00  0.000000E+00  0.000000E+00  0.000000E+00
  -631.100  0.000000E+00  0.000000E+00  0.000000E+00  0.000000E+00  0.000000E+00  0.000000E+00
  -631.000  0.000000E+00  0.000000E+00  0.000000E+00  0.000000E+00  0.000000E+00  0.000000E+00
  -630.900  0.000000E+00  0.000000E+00  0.000000E+00  0.000000E+00  0.000000E+00  0.000000E+00
  -630.800  0.000000E+00  0.000000E+00  0.000000E+00  0.000000E+00  0.000000E+00  0.000000E+00
  -630.700  0.000000E+00  0.000000E+00  0.000000E+00  0.000000E+00  0.000000E+00  0.000000E+00
  -630.600  0.000000E+00  0.000000E+00  0.000000E+00  0.000000E+00  0.000000E+00  0.000000E+00
  -630.500  0.000000E+00  0.000000E+00  0.000000E+00  0.000000E+00  0.000000E+00  0.000000E+00
  -630.400  0.000000E+00  0.000000E+00  0.000000E+00  0.000000E+00  0.000000E+00  0.000000E+00
  -630.300  0.000000E+00  0.000000E+00  0.000000E+00  0.000000E+00  0.000000E+00  0.000000E+00
  -630.200  0.000000E+00  0.000000E+00  0.000000E+00  0.000000E+00  0.000000E+00  0.000000E+00
  -630.100  0.000000E+00  0.000000E+00  0.000000E+00  0.000000E+00  0.000000E+00  0.000000E+00
  -630.000  0.000000E+00  0.000000E+00  0.000000E+00  0.000000E+00  0.000000E+00  0.000000E+00
  -629.900  0.000000E+00  0.000000E+00  0.000000E+00  0.000000E+00  0.000000E+00  0.000000E+00
  -629.800  0.000000E+00  0.000000E+00  0.000000E+00  0.000000E+00  0.000000E+00  0.000000E+00
  -629.700  0.000000E+00  0.000000E+00  0.000000E+00  0.000000E+00  0.000000E+00  0.000000E+00
  -629.600  0.000000E+00  0.000000E+00  0.000000E+00  0.000000E+00  0.000000E+00  0.000000E+00
  -629.500  0.000000E+00  0.000000E+00  0.000000E+00  0.000000E+00  0.000000E+00  0.000000E+00
  -629.400  0.000000E+00  0.000000E+00  0.000000E+00  0.000000E+00  0.000000E+00  0.000000E+00
  -629.300  0.000000E+00  0.000000E+00  0.000000E+00  0.000000E+00  0.000000E+00  0.000000E+00
  -629.200  0.000000E+00  0.000000E+00  0.000000E+00  0.000000E+00  0.000000E+00  0.000000E+00
  -629.100  0.000000E+00  0.000000E+00  0.000000E+00  0.000000E+00  0.000000E+00  0.000000E+00
  -629.000  0.000000E+00  0.000000E+00  0.000000E+00  0.000000E+00  0.000000E+00  0.000000E+00
  -628.900  0.000000E+00  0.000000E+00  0.000000E+00  0.000000E+00  0.000000E+00  0.000000E+00
  -628.800  0.000000E+00  0.000000E+00  0.000000E+00  0.000000E+00  0.000000E+00  0.000000E+00
  -628.700  0.000000E+00  0.000000E+00  0.000000E+00  0.000000E+00  0.000000E+00  0.000000E+00
  -628.600  0.000000E+00  0.000000E+00  0.000000E+00  0.000000E+00  0.000000E+00  0.000000E+00
  -628.500  0.000000E+00  0.000000E+00  0.000000E+00  0.000000E+00  0.000000E+00  0.000000E+00
  -628.400  0.000000E+00  0.000000E+00  0.000000E+00  0.000000E+00  0.000000E+00  0.000000E+00
  -628.300  0.000000E+00  0.000000E+00  0.000000E+00  0.000000E+00  0.000000E+00  0.000000E+00
  -628.200  0.000000E+00  0.000000E+00  0.000000E+00  0.000000E+00  0.000000E+00  0.000000E+00
  -628.100  0.000000E+00  0.000000E+00  0.000000E+00  0.000000E+00  0.000000E+00  0.000000E+00
  -628.000  0.000000E+00  0.000000E+00  0.000000E+00  0.000000E+00  0.000000E+00  0.000000E+00
  -627.900  0.000000E+00  0.000000E+00  0.000000E+00  0.000000E+00  0.000000E+00  0.000000E+00
  -627.800  0.000000E+00  0.000000E+00  0.000000E+00  0.000000E+00  0.000000E+00  0.000000E+00
  -627.700  0.000000E+00  0.000000E+00  0.000000E+00  0.000000E+00  0.000000E+00  0.000000E+00
  -627.600  0.000000E+00  0.000000E+00  0.000000E+00  0.000000E+00  0.000000E+00  0.000000E+00
  -627.500  0.000000E+00  0.000000E+00  0.000000E+00  0.000000E+00  0.000000E+00  0.000000E+00
  -627.400  0.000000E+00  0.000000E+00  0.000000E+00  0.000000E+00  0.000000E+00  0.000000E+00
  -627.300  0.000000E+00  0.000000E+00  0.000000E+00  0.000000E+00  0.000000E+00  0.000000E+00
  -627.200  0.000000E+00  0.000000E+00  0.000000E+00  0.000000E+00  0.000000E+00  0.000000E+00
  -627.100  0.000000E+00  0.000000E+00  0.000000E+00  0.000000E+00  0.000000E+00  0.000000E+00
  -627.000  0.000000E+00  0.000000E+00  0.000000E+00  0.000000E+00  0.000000E+00  0.000000E+00
  -626.900  0.000000E+00  0.000000E+00  0.000000E+00  0.000000E+00  0.000000E+00  0.000000E+00
  -626.800  0.000000E+00  0.000000E+00  0.000000E+00  0.000000E+00  0.000000E+00  0.000000E+00
  -626.700  0.000000E+00  0.000000E+00  0.000000E+00  0.000000E+00  0.000000E+00  0.000000E+00
  -626.600  0.000000E+00  0.000000E+00  0.000000E+00  0.000000E+00  0.000000E+00  0.000000E+00
  -626.500  0.000000E+00  0.000000E+00  0.000000E+00  0.000000E+00  0.000000E+00  0.000000E+00
  -626.400  0.000000E+00  0.000000E+00  0.000000E+00  0.000000E+00  0.000000E+00  0.000000E+00
  -626.300  0.000000E+00  0.000000E+00  0.000000E+00  0.000000E+00  0.000000E+00  0.000000E+00
  -626.200  0.000000E+00  0.000000E+00  0.000000E+00  0.000000E+00  0.000000E+00  0.000000E+00
  -626.100  0.000000E+00  0.000000E+00  0.000000E+00  0.000000E+00  0.000000E+00  0.000000E+00
  -626.000  0.000000E+00  0.000000E+00  0.000000E+00  0.000000E+00  0.000000E+00  0.000000E+00
  -625.900  0.000000E+00  0.000000E+00  0.000000E+00  0.000000E+00  0.000000E+00  0.000000E+00
  -625.800  0.000000E+00  0.000000E+00  0.000000E+00  0.000000E+00  0.000000E+00  0.000000E+00
  -625.700  0.000000E+00  0.000000E+00  0.000000E+00  0.000000E+00  0.000000E+00  0.000000E+00
  -625.600  0.000000E+00  0.000000E+00  0.000000E+00  0.000000E+00  0.000000E+00  0.000000E+00
  -625.500  0.000000E+00  0.000000E+00  0.000000E+00  0.000000E+00  0.000000E+00  0.000000E+00
  -625.400  0.000000E+00  0.000000E+00  0.000000E+00  0.000000E+00  0.000000E+00  0.000000E+00
  -625.300  0.000000E+00  0.000000E+00  0.000000E+00  0.000000E+00  0.000000E+00  0.000000E+00
  -625.200  0.000000E+00  0.000000E+00  0.000000E+00  0.000000E+00  0.000000E+00  0.000000E+00
  -625.100  0.000000E+00  0.000000E+00  0.000000E+00  0.000000E+00  0.000000E+00  0.000000E+00
  -625.000  0.000000E+00  0.000000E+00  0.000000E+00  0.000000E+00  0.000000E+00  0.000000E+00
  -624.900  0.000000E+00  0.000000E+00  0.000000E+00  0.000000E+00  0.000000E+00  0.000000E+00
  -624.800  0.000000E+00  0.000000E+00  0.000000E+00  0.000000E+00  0.000000E+00  0.000000E+00
  -624.700  0.000000E+00  0.000000E+00  0.000000E+00  0.000000E+00  0.000000E+00  0.000000E+00
  -624.600  0.000000E+00  0.000000E+00  0.000000E+00  0.000000E+00  0.000000E+00  0.000000E+00
  -624.500  0.000000E+00  0.000000E+00  0.000000E+00  0.000000E+00  0.000000E+00  0.000000E+00
  -624.400  0.000000E+00  0.000000E+00  0.000000E+00  0.000000E+00  0.000000E+00  0.000000E+00
  -624.300  0.000000E+00  0.000000E+00  0.000000E+00  0.000000E+00  0.000000E+00  0.000000E+00
  -624.200  0.000000E+00  0.000000E+00  0.000000E+00  0.000000E+00  0.000000E+00  0.000000E+00
  -624.100  0.000000E+00  0.000000E+00  0.000000E+00  0.000000E+00  0.000000E+00  0.000000E+00
  -624.000  0.000000E+00  0.000000E+00  0.000000E+00  0.000000E+00  0.000000E+00  0.000000E+00
  -623.900  0.000000E+00  0.000000E+00  0.000000E+00  0.000000E+00  0.000000E+00  0.000000E+00
  -623.800  0.000000E+00  0.000000E+00  0.000000E+00  0.000000E+00  0.000000E+00  0.000000E+00
  -623.700  0.000000E+00  0.000000E+00  0.000000E+00  0.000000E+00  0.000000E+00  0.000000E+00
  -623.600  0.000000E+00  0.000000E+00  0.000000E+00  0.000000E+00  0.000000E+00  0.000000E+00
  -623.500  0.000000E+00  0.000000E+00  0.000000E+00  0.000000E+00  0.000000E+00  0.000000E+00
  -623.400  0.000000E+00  0.000000E+00  0.000000E+00  0.000000E+00  0.000000E+00  0.000000E+00
  -623.300  0.000000E+00  0.000000E+00  0.000000E+00  0.000000E+00  0.000000E+00  0.000000E+00
  -623.200  0.000000E+00  0.000000E+00  0.000000E+00  0.000000E+00  0.000000E+00  0.000000E+00
  -623.100  0.000000E+00  0.000000E+00  0.000000E+00  0.000000E+00  0.000000E+00  0.000000E+00
  -623.000  0.000000E+00  0.000000E+00  0.000000E+00  0.000000E+00  0.000000E+00  0.000000E+00
  -622.900  0.000000E+00  0.000000E+00  0.000000E+00  0.000000E+00  0.000000E+00  0.000000E+00
  -622.800  0.000000E+00  0.000000E+00  0.000000E+00  0.000000E+00  0.000000E+00  0.000000E+00
  -622.700  0.000000E+00  0.000000E+00  0.000000E+00  0.000000E+00  0.000000E+00  0.000000E+00
  -622.600  0.000000E+00  0.000000E+00  0.000000E+00  0.000000E+00  0.000000E+00  0.000000E+00
  -622.500  0.000000E+00  0.000000E+00  0.000000E+00  0.000000E+00  0.000000E+00  0.000000E+00
  -622.400  0.000000E+00  0.000000E+00  0.000000E+00  0.000000E+00  0.000000E+00  0.000000E+00
  -622.300  0.000000E+00  0.000000E+00  0.000000E+00  0.000000E+00  0.000000E+00  0.000000E+00
  -622.200  0.000000E+00  0.000000E+00  0.000000E+00  0.000000E+00  0.000000E+00  0.000000E+00
  -622.100  0.000000E+00  0.000000E+00  0.000000E+00  0.000000E+00  0.000000E+00  0.000000E+00
  -622.000  0.000000E+00  0.000000E+00  0.000000E+00  0.000000E+00  0.000000E+00  0.000000E+00
  -621.900  0.000000E+00  0.000000E+00  0.000000E+00  0.000000E+00  0.000000E+00  0.000000E+00
  -621.800  0.000000E+00  0.000000E+00  0.000000E+00  0.000000E+00  0.000000E+00  0.000000E+00
  -621.700  0.000000E+00  0.000000E+00  0.000000E+00  0.000000E+00  0.000000E+00  0.000000E+00
  -621.600  0.000000E+00  0.000000E+00  0.000000E+00  0.000000E+00  0.000000E+00  0.000000E+00
  -621.500  0.000000E+00  0.000000E+00  0.000000E+00  0.000000E+00  0.000000E+00  0.000000E+00
  -621.400  0.000000E+00  0.000000E+00  0.000000E+00  0.000000E+00  0.000000E+00  0.000000E+00
  -621.300  0.000000E+00  0.000000E+00  0.000000E+00  0.000000E+00  0.000000E+00  0.000000E+00
  -621.200  0.000000E+00  0.000000E+00  0.000000E+00  0.000000E+00  0.000000E+00  0.000000E+00
  -621.100  0.000000E+00  0.000000E+00  0.000000E+00  0.000000E+00  0.000000E+00  0.000000E+00
  -621.000  0.000000E+00  0.000000E+00  0.000000E+00  0.000000E+00  0.000000E+00  0.000000E+00
  -620.900  0.000000E+00  0.000000E+00  0.000000E+00  0.000000E+00  0.000000E+00  0.000000E+00
  -620.800  0.000000E+00  0.000000E+00  0.000000E+00  0.000000E+00  0.000000E+00  0.000000E+00
  -620.700  0.000000E+00  0.000000E+00  0.000000E+00  0.000000E+00  0.000000E+00  0.000000E+00
  -620.600  0.000000E+00  0.000000E+00  0.000000E+00  0.000000E+00  0.000000E+00  0.000000E+00
  -620.500  0.000000E+00  0.000000E+00  0.000000E+00  0.000000E+00  0.000000E+00  0.000000E+00
  -620.400  0.000000E+00  0.000000E+00  0.000000E+00  0.000000E+00  0.000000E+00  0.000000E+00
  -620.300  0.000000E+00  0.000000E+00  0.000000E+00  0.000000E+00  0.000000E+00  0.000000E+00
  -620.200  0.000000E+00  0.000000E+00  0.000000E+00  0.000000E+00  0.000000E+00  0.000000E+00
  -620.100  0.000000E+00  0.000000E+00  0.000000E+00  0.000000E+00  0.000000E+00  0.000000E+00
  -620.000  0.000000E+00  0.000000E+00  0.000000E+00  0.000000E+00  0.000000E+00  0.000000E+00
