# SOD OUTSOD format version 2
           4  substitutions in           16 sites
                   22  configurations
     1      8   17   18   19   20
     2    192   17   18   19   21
     3     96   17   18   19   23
     4     96   17   18   19   24
     5     96   17   18   21   24
     6     96   17   18   21   25
     7    192   17   18   21   26
     8     12   17   18   21   32
     9     96   17   18   22   24
    10    192   17   18   22   25
    11     96   17   18   22   26
    12     24   17   18   22   30
    13     96   17   18   22   31
    14     48   17   18   24   25
    15     48   17   18   24   27
    16     96   17   18   24   28
    17     96   17   18   24   29
    18    192   17   18   24   31
    19     24   17   18   28   31
    20      4   17   24   29   32
    21     12   17   24   30   31
    22      8   17   25   28   30
