         192
 Operator number            1
   1.0000000000000000        0.0000000000000000        0.0000000000000000        0.0000000000000000     
   0.0000000000000000        1.0000000000000000        0.0000000000000000        0.0000000000000000     
   0.0000000000000000        0.0000000000000000        1.0000000000000000        0.0000000000000000     
 Operator number            2
  -1.0000000000000000        0.0000000000000000        0.0000000000000000       0.75000000000000000     
   0.0000000000000000       -1.0000000000000000        0.0000000000000000       0.25000000000000000     
   0.0000000000000000        0.0000000000000000        1.0000000000000000       0.50000000000000000     
 Operator number            3
  -1.0000000000000000        0.0000000000000000        0.0000000000000000       0.25000000000000000     
   0.0000000000000000        1.0000000000000000        0.0000000000000000       0.50000000000000000     
   0.0000000000000000        0.0000000000000000       -1.0000000000000000       0.75000000000000000     
 Operator number            4
   1.0000000000000000        0.0000000000000000        0.0000000000000000       0.50000000000000000     
   0.0000000000000000       -1.0000000000000000        0.0000000000000000       0.75000000000000000     
   0.0000000000000000        0.0000000000000000       -1.0000000000000000       0.25000000000000000     
 Operator number            5
   0.0000000000000000        0.0000000000000000        1.0000000000000000        0.0000000000000000     
   1.0000000000000000        0.0000000000000000        0.0000000000000000        0.0000000000000000     
   0.0000000000000000        1.0000000000000000        0.0000000000000000        0.0000000000000000     
 Operator number            6
   0.0000000000000000        0.0000000000000000        1.0000000000000000       0.50000000000000000     
  -1.0000000000000000        0.0000000000000000        0.0000000000000000       0.75000000000000000     
   0.0000000000000000       -1.0000000000000000        0.0000000000000000       0.25000000000000000     
 Operator number            7
   0.0000000000000000        0.0000000000000000       -1.0000000000000000       0.75000000000000000     
  -1.0000000000000000        0.0000000000000000        0.0000000000000000       0.25000000000000000     
   0.0000000000000000        1.0000000000000000        0.0000000000000000       0.50000000000000000     
 Operator number            8
   0.0000000000000000        0.0000000000000000       -1.0000000000000000       0.25000000000000000     
   1.0000000000000000        0.0000000000000000        0.0000000000000000       0.50000000000000000     
   0.0000000000000000       -1.0000000000000000        0.0000000000000000       0.75000000000000000     
 Operator number            9
   0.0000000000000000        1.0000000000000000        0.0000000000000000        0.0000000000000000     
   0.0000000000000000        0.0000000000000000        1.0000000000000000        0.0000000000000000     
   1.0000000000000000        0.0000000000000000        0.0000000000000000        0.0000000000000000     
 Operator number           10
   0.0000000000000000       -1.0000000000000000        0.0000000000000000       0.25000000000000000     
   0.0000000000000000        0.0000000000000000        1.0000000000000000       0.50000000000000000     
  -1.0000000000000000        0.0000000000000000        0.0000000000000000       0.75000000000000000     
 Operator number           11
   0.0000000000000000        1.0000000000000000        0.0000000000000000       0.50000000000000000     
   0.0000000000000000        0.0000000000000000       -1.0000000000000000       0.75000000000000000     
  -1.0000000000000000        0.0000000000000000        0.0000000000000000       0.25000000000000000     
 Operator number           12
   0.0000000000000000       -1.0000000000000000        0.0000000000000000       0.75000000000000000     
   0.0000000000000000        0.0000000000000000       -1.0000000000000000       0.25000000000000000     
   1.0000000000000000        0.0000000000000000        0.0000000000000000       0.50000000000000000     
 Operator number           13
   0.0000000000000000        1.0000000000000000        0.0000000000000000       0.75000000000000000     
   1.0000000000000000        0.0000000000000000        0.0000000000000000       0.25000000000000000     
   0.0000000000000000        0.0000000000000000       -1.0000000000000000       0.50000000000000000     
 Operator number           14
   0.0000000000000000       -1.0000000000000000        0.0000000000000000        0.0000000000000000     
  -1.0000000000000000        0.0000000000000000        0.0000000000000000        0.0000000000000000     
   0.0000000000000000        0.0000000000000000       -1.0000000000000000        0.0000000000000000     
 Operator number           15
   0.0000000000000000        1.0000000000000000        0.0000000000000000       0.25000000000000000     
  -1.0000000000000000        0.0000000000000000        0.0000000000000000       0.50000000000000000     
   0.0000000000000000        0.0000000000000000        1.0000000000000000       0.75000000000000000     
 Operator number           16
   0.0000000000000000       -1.0000000000000000        0.0000000000000000       0.50000000000000000     
   1.0000000000000000        0.0000000000000000        0.0000000000000000       0.75000000000000000     
   0.0000000000000000        0.0000000000000000        1.0000000000000000       0.25000000000000000     
 Operator number           17
   1.0000000000000000        0.0000000000000000        0.0000000000000000       0.75000000000000000     
   0.0000000000000000        0.0000000000000000        1.0000000000000000       0.25000000000000000     
   0.0000000000000000       -1.0000000000000000        0.0000000000000000       0.50000000000000000     
 Operator number           18
  -1.0000000000000000        0.0000000000000000        0.0000000000000000       0.50000000000000000     
   0.0000000000000000        0.0000000000000000        1.0000000000000000       0.75000000000000000     
   0.0000000000000000        1.0000000000000000        0.0000000000000000       0.25000000000000000     
 Operator number           19
  -1.0000000000000000        0.0000000000000000        0.0000000000000000        0.0000000000000000     
   0.0000000000000000        0.0000000000000000       -1.0000000000000000        0.0000000000000000     
   0.0000000000000000       -1.0000000000000000        0.0000000000000000        0.0000000000000000     
 Operator number           20
   1.0000000000000000        0.0000000000000000        0.0000000000000000       0.25000000000000000     
   0.0000000000000000        0.0000000000000000       -1.0000000000000000       0.50000000000000000     
   0.0000000000000000        1.0000000000000000        0.0000000000000000       0.75000000000000000     
 Operator number           21
   0.0000000000000000        0.0000000000000000        1.0000000000000000       0.75000000000000000     
   0.0000000000000000        1.0000000000000000        0.0000000000000000       0.25000000000000000     
  -1.0000000000000000        0.0000000000000000        0.0000000000000000       0.50000000000000000     
 Operator number           22
   0.0000000000000000        0.0000000000000000        1.0000000000000000       0.25000000000000000     
   0.0000000000000000       -1.0000000000000000        0.0000000000000000       0.50000000000000000     
   1.0000000000000000        0.0000000000000000        0.0000000000000000       0.75000000000000000     
 Operator number           23
   0.0000000000000000        0.0000000000000000       -1.0000000000000000       0.50000000000000000     
   0.0000000000000000        1.0000000000000000        0.0000000000000000       0.75000000000000000     
   1.0000000000000000        0.0000000000000000        0.0000000000000000       0.25000000000000000     
 Operator number           24
   0.0000000000000000        0.0000000000000000       -1.0000000000000000        0.0000000000000000     
   0.0000000000000000       -1.0000000000000000        0.0000000000000000        0.0000000000000000     
  -1.0000000000000000        0.0000000000000000        0.0000000000000000        0.0000000000000000     
 Operator number           25
  -1.0000000000000000        0.0000000000000000        0.0000000000000000        0.0000000000000000     
   0.0000000000000000       -1.0000000000000000        0.0000000000000000        0.0000000000000000     
   0.0000000000000000        0.0000000000000000       -1.0000000000000000        0.0000000000000000     
 Operator number           26
   1.0000000000000000        0.0000000000000000        0.0000000000000000       0.25000000000000000     
   0.0000000000000000        1.0000000000000000        0.0000000000000000       0.75000000000000000     
   0.0000000000000000        0.0000000000000000       -1.0000000000000000       0.50000000000000000     
 Operator number           27
   1.0000000000000000        0.0000000000000000        0.0000000000000000       0.75000000000000000     
   0.0000000000000000       -1.0000000000000000        0.0000000000000000       0.50000000000000000     
   0.0000000000000000        0.0000000000000000        1.0000000000000000       0.25000000000000000     
 Operator number           28
  -1.0000000000000000        0.0000000000000000        0.0000000000000000       0.50000000000000000     
   0.0000000000000000        1.0000000000000000        0.0000000000000000       0.25000000000000000     
   0.0000000000000000        0.0000000000000000        1.0000000000000000       0.75000000000000000     
 Operator number           29
   0.0000000000000000        0.0000000000000000       -1.0000000000000000        0.0000000000000000     
  -1.0000000000000000        0.0000000000000000        0.0000000000000000        0.0000000000000000     
   0.0000000000000000       -1.0000000000000000        0.0000000000000000        0.0000000000000000     
 Operator number           30
   0.0000000000000000        0.0000000000000000       -1.0000000000000000       0.50000000000000000     
   1.0000000000000000        0.0000000000000000        0.0000000000000000       0.25000000000000000     
   0.0000000000000000        1.0000000000000000        0.0000000000000000       0.75000000000000000     
 Operator number           31
   0.0000000000000000        0.0000000000000000        1.0000000000000000       0.25000000000000000     
   1.0000000000000000        0.0000000000000000        0.0000000000000000       0.75000000000000000     
   0.0000000000000000       -1.0000000000000000        0.0000000000000000       0.50000000000000000     
 Operator number           32
   0.0000000000000000        0.0000000000000000        1.0000000000000000       0.75000000000000000     
  -1.0000000000000000        0.0000000000000000        0.0000000000000000       0.50000000000000000     
   0.0000000000000000        1.0000000000000000        0.0000000000000000       0.25000000000000000     
 Operator number           33
   0.0000000000000000       -1.0000000000000000        0.0000000000000000        0.0000000000000000     
   0.0000000000000000        0.0000000000000000       -1.0000000000000000        0.0000000000000000     
  -1.0000000000000000        0.0000000000000000        0.0000000000000000        0.0000000000000000     
 Operator number           34
   0.0000000000000000        1.0000000000000000        0.0000000000000000       0.75000000000000000     
   0.0000000000000000        0.0000000000000000       -1.0000000000000000       0.50000000000000000     
   1.0000000000000000        0.0000000000000000        0.0000000000000000       0.25000000000000000     
 Operator number           35
   0.0000000000000000       -1.0000000000000000        0.0000000000000000       0.50000000000000000     
   0.0000000000000000        0.0000000000000000        1.0000000000000000       0.25000000000000000     
   1.0000000000000000        0.0000000000000000        0.0000000000000000       0.75000000000000000     
 Operator number           36
   0.0000000000000000        1.0000000000000000        0.0000000000000000       0.25000000000000000     
   0.0000000000000000        0.0000000000000000        1.0000000000000000       0.75000000000000000     
  -1.0000000000000000        0.0000000000000000        0.0000000000000000       0.50000000000000000     
 Operator number           37
   0.0000000000000000       -1.0000000000000000        0.0000000000000000       0.25000000000000000     
  -1.0000000000000000        0.0000000000000000        0.0000000000000000       0.75000000000000000     
   0.0000000000000000        0.0000000000000000        1.0000000000000000       0.50000000000000000     
 Operator number           38
   0.0000000000000000        1.0000000000000000        0.0000000000000000        0.0000000000000000     
   1.0000000000000000        0.0000000000000000        0.0000000000000000        0.0000000000000000     
   0.0000000000000000        0.0000000000000000        1.0000000000000000        0.0000000000000000     
 Operator number           39
   0.0000000000000000       -1.0000000000000000        0.0000000000000000       0.75000000000000000     
   1.0000000000000000        0.0000000000000000        0.0000000000000000       0.50000000000000000     
   0.0000000000000000        0.0000000000000000       -1.0000000000000000       0.25000000000000000     
 Operator number           40
   0.0000000000000000        1.0000000000000000        0.0000000000000000       0.50000000000000000     
  -1.0000000000000000        0.0000000000000000        0.0000000000000000       0.25000000000000000     
   0.0000000000000000        0.0000000000000000       -1.0000000000000000       0.75000000000000000     
 Operator number           41
  -1.0000000000000000        0.0000000000000000        0.0000000000000000       0.25000000000000000     
   0.0000000000000000        0.0000000000000000       -1.0000000000000000       0.75000000000000000     
   0.0000000000000000        1.0000000000000000        0.0000000000000000       0.50000000000000000     
 Operator number           42
   1.0000000000000000        0.0000000000000000        0.0000000000000000       0.50000000000000000     
   0.0000000000000000        0.0000000000000000       -1.0000000000000000       0.25000000000000000     
   0.0000000000000000       -1.0000000000000000        0.0000000000000000       0.75000000000000000     
 Operator number           43
   1.0000000000000000        0.0000000000000000        0.0000000000000000        0.0000000000000000     
   0.0000000000000000        0.0000000000000000        1.0000000000000000        0.0000000000000000     
   0.0000000000000000        1.0000000000000000        0.0000000000000000        0.0000000000000000     
 Operator number           44
  -1.0000000000000000        0.0000000000000000        0.0000000000000000       0.75000000000000000     
   0.0000000000000000        0.0000000000000000        1.0000000000000000       0.50000000000000000     
   0.0000000000000000       -1.0000000000000000        0.0000000000000000       0.25000000000000000     
 Operator number           45
   0.0000000000000000        0.0000000000000000       -1.0000000000000000       0.25000000000000000     
   0.0000000000000000       -1.0000000000000000        0.0000000000000000       0.75000000000000000     
   1.0000000000000000        0.0000000000000000        0.0000000000000000       0.50000000000000000     
 Operator number           46
   0.0000000000000000        0.0000000000000000       -1.0000000000000000       0.75000000000000000     
   0.0000000000000000        1.0000000000000000        0.0000000000000000       0.50000000000000000     
  -1.0000000000000000        0.0000000000000000        0.0000000000000000       0.25000000000000000     
 Operator number           47
   0.0000000000000000        0.0000000000000000        1.0000000000000000       0.50000000000000000     
   0.0000000000000000       -1.0000000000000000        0.0000000000000000       0.25000000000000000     
  -1.0000000000000000        0.0000000000000000        0.0000000000000000       0.75000000000000000     
 Operator number           48
   0.0000000000000000        0.0000000000000000        1.0000000000000000        0.0000000000000000     
   0.0000000000000000        1.0000000000000000        0.0000000000000000        0.0000000000000000     
   1.0000000000000000        0.0000000000000000        0.0000000000000000        0.0000000000000000     
 Operator number           49
   1.0000000000000000        0.0000000000000000        0.0000000000000000        0.0000000000000000     
   0.0000000000000000        1.0000000000000000        0.0000000000000000       0.50000000000000000     
   0.0000000000000000        0.0000000000000000        1.0000000000000000       0.50000000000000000     
 Operator number           50
  -1.0000000000000000        0.0000000000000000        0.0000000000000000       0.75000000000000000     
   0.0000000000000000       -1.0000000000000000        0.0000000000000000       0.75000000000000000     
   0.0000000000000000        0.0000000000000000        1.0000000000000000        0.0000000000000000     
 Operator number           51
  -1.0000000000000000        0.0000000000000000        0.0000000000000000       0.25000000000000000     
   0.0000000000000000        1.0000000000000000        0.0000000000000000        0.0000000000000000     
   0.0000000000000000        0.0000000000000000       -1.0000000000000000       0.25000000000000000     
 Operator number           52
   1.0000000000000000        0.0000000000000000        0.0000000000000000       0.50000000000000000     
   0.0000000000000000       -1.0000000000000000        0.0000000000000000       0.25000000000000000     
   0.0000000000000000        0.0000000000000000       -1.0000000000000000       0.75000000000000000     
 Operator number           53
   0.0000000000000000        0.0000000000000000        1.0000000000000000        0.0000000000000000     
   1.0000000000000000        0.0000000000000000        0.0000000000000000       0.50000000000000000     
   0.0000000000000000        1.0000000000000000        0.0000000000000000       0.50000000000000000     
 Operator number           54
   0.0000000000000000        0.0000000000000000        1.0000000000000000       0.50000000000000000     
  -1.0000000000000000        0.0000000000000000        0.0000000000000000       0.25000000000000000     
   0.0000000000000000       -1.0000000000000000        0.0000000000000000       0.75000000000000000     
 Operator number           55
   0.0000000000000000        0.0000000000000000       -1.0000000000000000       0.75000000000000000     
  -1.0000000000000000        0.0000000000000000        0.0000000000000000       0.75000000000000000     
   0.0000000000000000        1.0000000000000000        0.0000000000000000        0.0000000000000000     
 Operator number           56
   0.0000000000000000        0.0000000000000000       -1.0000000000000000       0.25000000000000000     
   1.0000000000000000        0.0000000000000000        0.0000000000000000        0.0000000000000000     
   0.0000000000000000       -1.0000000000000000        0.0000000000000000       0.25000000000000000     
 Operator number           57
   0.0000000000000000        1.0000000000000000        0.0000000000000000        0.0000000000000000     
   0.0000000000000000        0.0000000000000000        1.0000000000000000       0.50000000000000000     
   1.0000000000000000        0.0000000000000000        0.0000000000000000       0.50000000000000000     
 Operator number           58
   0.0000000000000000       -1.0000000000000000        0.0000000000000000       0.25000000000000000     
   0.0000000000000000        0.0000000000000000        1.0000000000000000        0.0000000000000000     
  -1.0000000000000000        0.0000000000000000        0.0000000000000000       0.25000000000000000     
 Operator number           59
   0.0000000000000000        1.0000000000000000        0.0000000000000000       0.50000000000000000     
   0.0000000000000000        0.0000000000000000       -1.0000000000000000       0.25000000000000000     
  -1.0000000000000000        0.0000000000000000        0.0000000000000000       0.75000000000000000     
 Operator number           60
   0.0000000000000000       -1.0000000000000000        0.0000000000000000       0.75000000000000000     
   0.0000000000000000        0.0000000000000000       -1.0000000000000000       0.75000000000000000     
   1.0000000000000000        0.0000000000000000        0.0000000000000000        0.0000000000000000     
 Operator number           61
   0.0000000000000000        1.0000000000000000        0.0000000000000000       0.75000000000000000     
   1.0000000000000000        0.0000000000000000        0.0000000000000000       0.75000000000000000     
   0.0000000000000000        0.0000000000000000       -1.0000000000000000        0.0000000000000000     
 Operator number           62
   0.0000000000000000       -1.0000000000000000        0.0000000000000000        0.0000000000000000     
  -1.0000000000000000        0.0000000000000000        0.0000000000000000       0.50000000000000000     
   0.0000000000000000        0.0000000000000000       -1.0000000000000000       0.50000000000000000     
 Operator number           63
   0.0000000000000000        1.0000000000000000        0.0000000000000000       0.25000000000000000     
  -1.0000000000000000        0.0000000000000000        0.0000000000000000        0.0000000000000000     
   0.0000000000000000        0.0000000000000000        1.0000000000000000       0.25000000000000000     
 Operator number           64
   0.0000000000000000       -1.0000000000000000        0.0000000000000000       0.50000000000000000     
   1.0000000000000000        0.0000000000000000        0.0000000000000000       0.25000000000000000     
   0.0000000000000000        0.0000000000000000        1.0000000000000000       0.75000000000000000     
 Operator number           65
   1.0000000000000000        0.0000000000000000        0.0000000000000000       0.75000000000000000     
   0.0000000000000000        0.0000000000000000        1.0000000000000000       0.75000000000000000     
   0.0000000000000000       -1.0000000000000000        0.0000000000000000        0.0000000000000000     
 Operator number           66
  -1.0000000000000000        0.0000000000000000        0.0000000000000000       0.50000000000000000     
   0.0000000000000000        0.0000000000000000        1.0000000000000000       0.25000000000000000     
   0.0000000000000000        1.0000000000000000        0.0000000000000000       0.75000000000000000     
 Operator number           67
  -1.0000000000000000        0.0000000000000000        0.0000000000000000        0.0000000000000000     
   0.0000000000000000        0.0000000000000000       -1.0000000000000000       0.50000000000000000     
   0.0000000000000000       -1.0000000000000000        0.0000000000000000       0.50000000000000000     
 Operator number           68
   1.0000000000000000        0.0000000000000000        0.0000000000000000       0.25000000000000000     
   0.0000000000000000        0.0000000000000000       -1.0000000000000000        0.0000000000000000     
   0.0000000000000000        1.0000000000000000        0.0000000000000000       0.25000000000000000     
 Operator number           69
   0.0000000000000000        0.0000000000000000        1.0000000000000000       0.75000000000000000     
   0.0000000000000000        1.0000000000000000        0.0000000000000000       0.75000000000000000     
  -1.0000000000000000        0.0000000000000000        0.0000000000000000        0.0000000000000000     
 Operator number           70
   0.0000000000000000        0.0000000000000000        1.0000000000000000       0.25000000000000000     
   0.0000000000000000       -1.0000000000000000        0.0000000000000000        0.0000000000000000     
   1.0000000000000000        0.0000000000000000        0.0000000000000000       0.25000000000000000     
 Operator number           71
   0.0000000000000000        0.0000000000000000       -1.0000000000000000       0.50000000000000000     
   0.0000000000000000        1.0000000000000000        0.0000000000000000       0.25000000000000000     
   1.0000000000000000        0.0000000000000000        0.0000000000000000       0.75000000000000000     
 Operator number           72
   0.0000000000000000        0.0000000000000000       -1.0000000000000000        0.0000000000000000     
   0.0000000000000000       -1.0000000000000000        0.0000000000000000       0.50000000000000000     
  -1.0000000000000000        0.0000000000000000        0.0000000000000000       0.50000000000000000     
 Operator number           73
  -1.0000000000000000        0.0000000000000000        0.0000000000000000        0.0000000000000000     
   0.0000000000000000       -1.0000000000000000        0.0000000000000000       0.50000000000000000     
   0.0000000000000000        0.0000000000000000       -1.0000000000000000       0.50000000000000000     
 Operator number           74
   1.0000000000000000        0.0000000000000000        0.0000000000000000       0.25000000000000000     
   0.0000000000000000        1.0000000000000000        0.0000000000000000       0.25000000000000000     
   0.0000000000000000        0.0000000000000000       -1.0000000000000000        0.0000000000000000     
 Operator number           75
   1.0000000000000000        0.0000000000000000        0.0000000000000000       0.75000000000000000     
   0.0000000000000000       -1.0000000000000000        0.0000000000000000        0.0000000000000000     
   0.0000000000000000        0.0000000000000000        1.0000000000000000       0.75000000000000000     
 Operator number           76
  -1.0000000000000000        0.0000000000000000        0.0000000000000000       0.50000000000000000     
   0.0000000000000000        1.0000000000000000        0.0000000000000000       0.75000000000000000     
   0.0000000000000000        0.0000000000000000        1.0000000000000000       0.25000000000000000     
 Operator number           77
   0.0000000000000000        0.0000000000000000       -1.0000000000000000        0.0000000000000000     
  -1.0000000000000000        0.0000000000000000        0.0000000000000000       0.50000000000000000     
   0.0000000000000000       -1.0000000000000000        0.0000000000000000       0.50000000000000000     
 Operator number           78
   0.0000000000000000        0.0000000000000000       -1.0000000000000000       0.50000000000000000     
   1.0000000000000000        0.0000000000000000        0.0000000000000000       0.75000000000000000     
   0.0000000000000000        1.0000000000000000        0.0000000000000000       0.25000000000000000     
 Operator number           79
   0.0000000000000000        0.0000000000000000        1.0000000000000000       0.25000000000000000     
   1.0000000000000000        0.0000000000000000        0.0000000000000000       0.25000000000000000     
   0.0000000000000000       -1.0000000000000000        0.0000000000000000        0.0000000000000000     
 Operator number           80
   0.0000000000000000        0.0000000000000000        1.0000000000000000       0.75000000000000000     
  -1.0000000000000000        0.0000000000000000        0.0000000000000000        0.0000000000000000     
   0.0000000000000000        1.0000000000000000        0.0000000000000000       0.75000000000000000     
 Operator number           81
   0.0000000000000000       -1.0000000000000000        0.0000000000000000        0.0000000000000000     
   0.0000000000000000        0.0000000000000000       -1.0000000000000000       0.50000000000000000     
  -1.0000000000000000        0.0000000000000000        0.0000000000000000       0.50000000000000000     
 Operator number           82
   0.0000000000000000        1.0000000000000000        0.0000000000000000       0.75000000000000000     
   0.0000000000000000        0.0000000000000000       -1.0000000000000000        0.0000000000000000     
   1.0000000000000000        0.0000000000000000        0.0000000000000000       0.75000000000000000     
 Operator number           83
   0.0000000000000000       -1.0000000000000000        0.0000000000000000       0.50000000000000000     
   0.0000000000000000        0.0000000000000000        1.0000000000000000       0.75000000000000000     
   1.0000000000000000        0.0000000000000000        0.0000000000000000       0.25000000000000000     
 Operator number           84
   0.0000000000000000        1.0000000000000000        0.0000000000000000       0.25000000000000000     
   0.0000000000000000        0.0000000000000000        1.0000000000000000       0.25000000000000000     
  -1.0000000000000000        0.0000000000000000        0.0000000000000000        0.0000000000000000     
 Operator number           85
   0.0000000000000000       -1.0000000000000000        0.0000000000000000       0.25000000000000000     
  -1.0000000000000000        0.0000000000000000        0.0000000000000000       0.25000000000000000     
   0.0000000000000000        0.0000000000000000        1.0000000000000000        0.0000000000000000     
 Operator number           86
   0.0000000000000000        1.0000000000000000        0.0000000000000000        0.0000000000000000     
   1.0000000000000000        0.0000000000000000        0.0000000000000000       0.50000000000000000     
   0.0000000000000000        0.0000000000000000        1.0000000000000000       0.50000000000000000     
 Operator number           87
   0.0000000000000000       -1.0000000000000000        0.0000000000000000       0.75000000000000000     
   1.0000000000000000        0.0000000000000000        0.0000000000000000        0.0000000000000000     
   0.0000000000000000        0.0000000000000000       -1.0000000000000000       0.75000000000000000     
 Operator number           88
   0.0000000000000000        1.0000000000000000        0.0000000000000000       0.50000000000000000     
  -1.0000000000000000        0.0000000000000000        0.0000000000000000       0.75000000000000000     
   0.0000000000000000        0.0000000000000000       -1.0000000000000000       0.25000000000000000     
 Operator number           89
  -1.0000000000000000        0.0000000000000000        0.0000000000000000       0.25000000000000000     
   0.0000000000000000        0.0000000000000000       -1.0000000000000000       0.25000000000000000     
   0.0000000000000000        1.0000000000000000        0.0000000000000000        0.0000000000000000     
 Operator number           90
   1.0000000000000000        0.0000000000000000        0.0000000000000000       0.50000000000000000     
   0.0000000000000000        0.0000000000000000       -1.0000000000000000       0.75000000000000000     
   0.0000000000000000       -1.0000000000000000        0.0000000000000000       0.25000000000000000     
 Operator number           91
   1.0000000000000000        0.0000000000000000        0.0000000000000000        0.0000000000000000     
   0.0000000000000000        0.0000000000000000        1.0000000000000000       0.50000000000000000     
   0.0000000000000000        1.0000000000000000        0.0000000000000000       0.50000000000000000     
 Operator number           92
  -1.0000000000000000        0.0000000000000000        0.0000000000000000       0.75000000000000000     
   0.0000000000000000        0.0000000000000000        1.0000000000000000        0.0000000000000000     
   0.0000000000000000       -1.0000000000000000        0.0000000000000000       0.75000000000000000     
 Operator number           93
   0.0000000000000000        0.0000000000000000       -1.0000000000000000       0.25000000000000000     
   0.0000000000000000       -1.0000000000000000        0.0000000000000000       0.25000000000000000     
   1.0000000000000000        0.0000000000000000        0.0000000000000000        0.0000000000000000     
 Operator number           94
   0.0000000000000000        0.0000000000000000       -1.0000000000000000       0.75000000000000000     
   0.0000000000000000        1.0000000000000000        0.0000000000000000        0.0000000000000000     
  -1.0000000000000000        0.0000000000000000        0.0000000000000000       0.75000000000000000     
 Operator number           95
   0.0000000000000000        0.0000000000000000        1.0000000000000000       0.50000000000000000     
   0.0000000000000000       -1.0000000000000000        0.0000000000000000       0.75000000000000000     
  -1.0000000000000000        0.0000000000000000        0.0000000000000000       0.25000000000000000     
 Operator number           96
   0.0000000000000000        0.0000000000000000        1.0000000000000000        0.0000000000000000     
   0.0000000000000000        1.0000000000000000        0.0000000000000000       0.50000000000000000     
   1.0000000000000000        0.0000000000000000        0.0000000000000000       0.50000000000000000     
 Operator number           97
   1.0000000000000000        0.0000000000000000        0.0000000000000000       0.50000000000000000     
   0.0000000000000000        1.0000000000000000        0.0000000000000000        0.0000000000000000     
   0.0000000000000000        0.0000000000000000        1.0000000000000000       0.50000000000000000     
 Operator number           98
  -1.0000000000000000        0.0000000000000000        0.0000000000000000       0.25000000000000000     
   0.0000000000000000       -1.0000000000000000        0.0000000000000000       0.25000000000000000     
   0.0000000000000000        0.0000000000000000        1.0000000000000000        0.0000000000000000     
 Operator number           99
  -1.0000000000000000        0.0000000000000000        0.0000000000000000       0.75000000000000000     
   0.0000000000000000        1.0000000000000000        0.0000000000000000       0.50000000000000000     
   0.0000000000000000        0.0000000000000000       -1.0000000000000000       0.25000000000000000     
 Operator number          100
   1.0000000000000000        0.0000000000000000        0.0000000000000000        0.0000000000000000     
   0.0000000000000000       -1.0000000000000000        0.0000000000000000       0.75000000000000000     
   0.0000000000000000        0.0000000000000000       -1.0000000000000000       0.75000000000000000     
 Operator number          101
   0.0000000000000000        0.0000000000000000        1.0000000000000000       0.50000000000000000     
   1.0000000000000000        0.0000000000000000        0.0000000000000000        0.0000000000000000     
   0.0000000000000000        1.0000000000000000        0.0000000000000000       0.50000000000000000     
 Operator number          102
   0.0000000000000000        0.0000000000000000        1.0000000000000000        0.0000000000000000     
  -1.0000000000000000        0.0000000000000000        0.0000000000000000       0.75000000000000000     
   0.0000000000000000       -1.0000000000000000        0.0000000000000000       0.75000000000000000     
 Operator number          103
   0.0000000000000000        0.0000000000000000       -1.0000000000000000       0.25000000000000000     
  -1.0000000000000000        0.0000000000000000        0.0000000000000000       0.25000000000000000     
   0.0000000000000000        1.0000000000000000        0.0000000000000000        0.0000000000000000     
 Operator number          104
   0.0000000000000000        0.0000000000000000       -1.0000000000000000       0.75000000000000000     
   1.0000000000000000        0.0000000000000000        0.0000000000000000       0.50000000000000000     
   0.0000000000000000       -1.0000000000000000        0.0000000000000000       0.25000000000000000     
 Operator number          105
   0.0000000000000000        1.0000000000000000        0.0000000000000000       0.50000000000000000     
   0.0000000000000000        0.0000000000000000        1.0000000000000000        0.0000000000000000     
   1.0000000000000000        0.0000000000000000        0.0000000000000000       0.50000000000000000     
 Operator number          106
   0.0000000000000000       -1.0000000000000000        0.0000000000000000       0.75000000000000000     
   0.0000000000000000        0.0000000000000000        1.0000000000000000       0.50000000000000000     
  -1.0000000000000000        0.0000000000000000        0.0000000000000000       0.25000000000000000     
 Operator number          107
   0.0000000000000000        1.0000000000000000        0.0000000000000000        0.0000000000000000     
   0.0000000000000000        0.0000000000000000       -1.0000000000000000       0.75000000000000000     
  -1.0000000000000000        0.0000000000000000        0.0000000000000000       0.75000000000000000     
 Operator number          108
   0.0000000000000000       -1.0000000000000000        0.0000000000000000       0.25000000000000000     
   0.0000000000000000        0.0000000000000000       -1.0000000000000000       0.25000000000000000     
   1.0000000000000000        0.0000000000000000        0.0000000000000000        0.0000000000000000     
 Operator number          109
   0.0000000000000000        1.0000000000000000        0.0000000000000000       0.25000000000000000     
   1.0000000000000000        0.0000000000000000        0.0000000000000000       0.25000000000000000     
   0.0000000000000000        0.0000000000000000       -1.0000000000000000        0.0000000000000000     
 Operator number          110
   0.0000000000000000       -1.0000000000000000        0.0000000000000000       0.50000000000000000     
  -1.0000000000000000        0.0000000000000000        0.0000000000000000        0.0000000000000000     
   0.0000000000000000        0.0000000000000000       -1.0000000000000000       0.50000000000000000     
 Operator number          111
   0.0000000000000000        1.0000000000000000        0.0000000000000000       0.75000000000000000     
  -1.0000000000000000        0.0000000000000000        0.0000000000000000       0.50000000000000000     
   0.0000000000000000        0.0000000000000000        1.0000000000000000       0.25000000000000000     
 Operator number          112
   0.0000000000000000       -1.0000000000000000        0.0000000000000000        0.0000000000000000     
   1.0000000000000000        0.0000000000000000        0.0000000000000000       0.75000000000000000     
   0.0000000000000000        0.0000000000000000        1.0000000000000000       0.75000000000000000     
 Operator number          113
   1.0000000000000000        0.0000000000000000        0.0000000000000000       0.25000000000000000     
   0.0000000000000000        0.0000000000000000        1.0000000000000000       0.25000000000000000     
   0.0000000000000000       -1.0000000000000000        0.0000000000000000        0.0000000000000000     
 Operator number          114
  -1.0000000000000000        0.0000000000000000        0.0000000000000000        0.0000000000000000     
   0.0000000000000000        0.0000000000000000        1.0000000000000000       0.75000000000000000     
   0.0000000000000000        1.0000000000000000        0.0000000000000000       0.75000000000000000     
 Operator number          115
  -1.0000000000000000        0.0000000000000000        0.0000000000000000       0.50000000000000000     
   0.0000000000000000        0.0000000000000000       -1.0000000000000000        0.0000000000000000     
   0.0000000000000000       -1.0000000000000000        0.0000000000000000       0.50000000000000000     
 Operator number          116
   1.0000000000000000        0.0000000000000000        0.0000000000000000       0.75000000000000000     
   0.0000000000000000        0.0000000000000000       -1.0000000000000000       0.50000000000000000     
   0.0000000000000000        1.0000000000000000        0.0000000000000000       0.25000000000000000     
 Operator number          117
   0.0000000000000000        0.0000000000000000        1.0000000000000000       0.25000000000000000     
   0.0000000000000000        1.0000000000000000        0.0000000000000000       0.25000000000000000     
  -1.0000000000000000        0.0000000000000000        0.0000000000000000        0.0000000000000000     
 Operator number          118
   0.0000000000000000        0.0000000000000000        1.0000000000000000       0.75000000000000000     
   0.0000000000000000       -1.0000000000000000        0.0000000000000000       0.50000000000000000     
   1.0000000000000000        0.0000000000000000        0.0000000000000000       0.25000000000000000     
 Operator number          119
   0.0000000000000000        0.0000000000000000       -1.0000000000000000        0.0000000000000000     
   0.0000000000000000        1.0000000000000000        0.0000000000000000       0.75000000000000000     
   1.0000000000000000        0.0000000000000000        0.0000000000000000       0.75000000000000000     
 Operator number          120
   0.0000000000000000        0.0000000000000000       -1.0000000000000000       0.50000000000000000     
   0.0000000000000000       -1.0000000000000000        0.0000000000000000        0.0000000000000000     
  -1.0000000000000000        0.0000000000000000        0.0000000000000000       0.50000000000000000     
 Operator number          121
  -1.0000000000000000        0.0000000000000000        0.0000000000000000       0.50000000000000000     
   0.0000000000000000       -1.0000000000000000        0.0000000000000000        0.0000000000000000     
   0.0000000000000000        0.0000000000000000       -1.0000000000000000       0.50000000000000000     
 Operator number          122
   1.0000000000000000        0.0000000000000000        0.0000000000000000       0.75000000000000000     
   0.0000000000000000        1.0000000000000000        0.0000000000000000       0.75000000000000000     
   0.0000000000000000        0.0000000000000000       -1.0000000000000000        0.0000000000000000     
 Operator number          123
   1.0000000000000000        0.0000000000000000        0.0000000000000000       0.25000000000000000     
   0.0000000000000000       -1.0000000000000000        0.0000000000000000       0.50000000000000000     
   0.0000000000000000        0.0000000000000000        1.0000000000000000       0.75000000000000000     
 Operator number          124
  -1.0000000000000000        0.0000000000000000        0.0000000000000000        0.0000000000000000     
   0.0000000000000000        1.0000000000000000        0.0000000000000000       0.25000000000000000     
   0.0000000000000000        0.0000000000000000        1.0000000000000000       0.25000000000000000     
 Operator number          125
   0.0000000000000000        0.0000000000000000       -1.0000000000000000       0.50000000000000000     
  -1.0000000000000000        0.0000000000000000        0.0000000000000000        0.0000000000000000     
   0.0000000000000000       -1.0000000000000000        0.0000000000000000       0.50000000000000000     
 Operator number          126
   0.0000000000000000        0.0000000000000000       -1.0000000000000000        0.0000000000000000     
   1.0000000000000000        0.0000000000000000        0.0000000000000000       0.25000000000000000     
   0.0000000000000000        1.0000000000000000        0.0000000000000000       0.25000000000000000     
 Operator number          127
   0.0000000000000000        0.0000000000000000        1.0000000000000000       0.75000000000000000     
   1.0000000000000000        0.0000000000000000        0.0000000000000000       0.75000000000000000     
   0.0000000000000000       -1.0000000000000000        0.0000000000000000        0.0000000000000000     
 Operator number          128
   0.0000000000000000        0.0000000000000000        1.0000000000000000       0.25000000000000000     
  -1.0000000000000000        0.0000000000000000        0.0000000000000000       0.50000000000000000     
   0.0000000000000000        1.0000000000000000        0.0000000000000000       0.75000000000000000     
 Operator number          129
   0.0000000000000000       -1.0000000000000000        0.0000000000000000       0.50000000000000000     
   0.0000000000000000        0.0000000000000000       -1.0000000000000000        0.0000000000000000     
  -1.0000000000000000        0.0000000000000000        0.0000000000000000       0.50000000000000000     
 Operator number          130
   0.0000000000000000        1.0000000000000000        0.0000000000000000       0.25000000000000000     
   0.0000000000000000        0.0000000000000000       -1.0000000000000000       0.50000000000000000     
   1.0000000000000000        0.0000000000000000        0.0000000000000000       0.75000000000000000     
 Operator number          131
   0.0000000000000000       -1.0000000000000000        0.0000000000000000        0.0000000000000000     
   0.0000000000000000        0.0000000000000000        1.0000000000000000       0.25000000000000000     
   1.0000000000000000        0.0000000000000000        0.0000000000000000       0.25000000000000000     
 Operator number          132
   0.0000000000000000        1.0000000000000000        0.0000000000000000       0.75000000000000000     
   0.0000000000000000        0.0000000000000000        1.0000000000000000       0.75000000000000000     
  -1.0000000000000000        0.0000000000000000        0.0000000000000000        0.0000000000000000     
 Operator number          133
   0.0000000000000000       -1.0000000000000000        0.0000000000000000       0.75000000000000000     
  -1.0000000000000000        0.0000000000000000        0.0000000000000000       0.75000000000000000     
   0.0000000000000000        0.0000000000000000        1.0000000000000000        0.0000000000000000     
 Operator number          134
   0.0000000000000000        1.0000000000000000        0.0000000000000000       0.50000000000000000     
   1.0000000000000000        0.0000000000000000        0.0000000000000000        0.0000000000000000     
   0.0000000000000000        0.0000000000000000        1.0000000000000000       0.50000000000000000     
 Operator number          135
   0.0000000000000000       -1.0000000000000000        0.0000000000000000       0.25000000000000000     
   1.0000000000000000        0.0000000000000000        0.0000000000000000       0.50000000000000000     
   0.0000000000000000        0.0000000000000000       -1.0000000000000000       0.75000000000000000     
 Operator number          136
   0.0000000000000000        1.0000000000000000        0.0000000000000000        0.0000000000000000     
  -1.0000000000000000        0.0000000000000000        0.0000000000000000       0.25000000000000000     
   0.0000000000000000        0.0000000000000000       -1.0000000000000000       0.25000000000000000     
 Operator number          137
  -1.0000000000000000        0.0000000000000000        0.0000000000000000       0.75000000000000000     
   0.0000000000000000        0.0000000000000000       -1.0000000000000000       0.75000000000000000     
   0.0000000000000000        1.0000000000000000        0.0000000000000000        0.0000000000000000     
 Operator number          138
   1.0000000000000000        0.0000000000000000        0.0000000000000000        0.0000000000000000     
   0.0000000000000000        0.0000000000000000       -1.0000000000000000       0.25000000000000000     
   0.0000000000000000       -1.0000000000000000        0.0000000000000000       0.25000000000000000     
 Operator number          139
   1.0000000000000000        0.0000000000000000        0.0000000000000000       0.50000000000000000     
   0.0000000000000000        0.0000000000000000        1.0000000000000000        0.0000000000000000     
   0.0000000000000000        1.0000000000000000        0.0000000000000000       0.50000000000000000     
 Operator number          140
  -1.0000000000000000        0.0000000000000000        0.0000000000000000       0.25000000000000000     
   0.0000000000000000        0.0000000000000000        1.0000000000000000       0.50000000000000000     
   0.0000000000000000       -1.0000000000000000        0.0000000000000000       0.75000000000000000     
 Operator number          141
   0.0000000000000000        0.0000000000000000       -1.0000000000000000       0.75000000000000000     
   0.0000000000000000       -1.0000000000000000        0.0000000000000000       0.75000000000000000     
   1.0000000000000000        0.0000000000000000        0.0000000000000000        0.0000000000000000     
 Operator number          142
   0.0000000000000000        0.0000000000000000       -1.0000000000000000       0.25000000000000000     
   0.0000000000000000        1.0000000000000000        0.0000000000000000       0.50000000000000000     
  -1.0000000000000000        0.0000000000000000        0.0000000000000000       0.75000000000000000     
 Operator number          143
   0.0000000000000000        0.0000000000000000        1.0000000000000000        0.0000000000000000     
   0.0000000000000000       -1.0000000000000000        0.0000000000000000       0.25000000000000000     
  -1.0000000000000000        0.0000000000000000        0.0000000000000000       0.25000000000000000     
 Operator number          144
   0.0000000000000000        0.0000000000000000        1.0000000000000000       0.50000000000000000     
   0.0000000000000000        1.0000000000000000        0.0000000000000000        0.0000000000000000     
   1.0000000000000000        0.0000000000000000        0.0000000000000000       0.50000000000000000     
 Operator number          145
   1.0000000000000000        0.0000000000000000        0.0000000000000000       0.50000000000000000     
   0.0000000000000000        1.0000000000000000        0.0000000000000000       0.50000000000000000     
   0.0000000000000000        0.0000000000000000        1.0000000000000000        0.0000000000000000     
 Operator number          146
  -1.0000000000000000        0.0000000000000000        0.0000000000000000       0.25000000000000000     
   0.0000000000000000       -1.0000000000000000        0.0000000000000000       0.75000000000000000     
   0.0000000000000000        0.0000000000000000        1.0000000000000000       0.50000000000000000     
 Operator number          147
  -1.0000000000000000        0.0000000000000000        0.0000000000000000       0.75000000000000000     
   0.0000000000000000        1.0000000000000000        0.0000000000000000        0.0000000000000000     
   0.0000000000000000        0.0000000000000000       -1.0000000000000000       0.75000000000000000     
 Operator number          148
   1.0000000000000000        0.0000000000000000        0.0000000000000000        0.0000000000000000     
   0.0000000000000000       -1.0000000000000000        0.0000000000000000       0.25000000000000000     
   0.0000000000000000        0.0000000000000000       -1.0000000000000000       0.25000000000000000     
 Operator number          149
   0.0000000000000000        0.0000000000000000        1.0000000000000000       0.50000000000000000     
   1.0000000000000000        0.0000000000000000        0.0000000000000000       0.50000000000000000     
   0.0000000000000000        1.0000000000000000        0.0000000000000000        0.0000000000000000     
 Operator number          150
   0.0000000000000000        0.0000000000000000        1.0000000000000000        0.0000000000000000     
  -1.0000000000000000        0.0000000000000000        0.0000000000000000       0.25000000000000000     
   0.0000000000000000       -1.0000000000000000        0.0000000000000000       0.25000000000000000     
 Operator number          151
   0.0000000000000000        0.0000000000000000       -1.0000000000000000       0.25000000000000000     
  -1.0000000000000000        0.0000000000000000        0.0000000000000000       0.75000000000000000     
   0.0000000000000000        1.0000000000000000        0.0000000000000000       0.50000000000000000     
 Operator number          152
   0.0000000000000000        0.0000000000000000       -1.0000000000000000       0.75000000000000000     
   1.0000000000000000        0.0000000000000000        0.0000000000000000        0.0000000000000000     
   0.0000000000000000       -1.0000000000000000        0.0000000000000000       0.75000000000000000     
 Operator number          153
   0.0000000000000000        1.0000000000000000        0.0000000000000000       0.50000000000000000     
   0.0000000000000000        0.0000000000000000        1.0000000000000000       0.50000000000000000     
   1.0000000000000000        0.0000000000000000        0.0000000000000000        0.0000000000000000     
 Operator number          154
   0.0000000000000000       -1.0000000000000000        0.0000000000000000       0.75000000000000000     
   0.0000000000000000        0.0000000000000000        1.0000000000000000        0.0000000000000000     
  -1.0000000000000000        0.0000000000000000        0.0000000000000000       0.75000000000000000     
 Operator number          155
   0.0000000000000000        1.0000000000000000        0.0000000000000000        0.0000000000000000     
   0.0000000000000000        0.0000000000000000       -1.0000000000000000       0.25000000000000000     
  -1.0000000000000000        0.0000000000000000        0.0000000000000000       0.25000000000000000     
 Operator number          156
   0.0000000000000000       -1.0000000000000000        0.0000000000000000       0.25000000000000000     
   0.0000000000000000        0.0000000000000000       -1.0000000000000000       0.75000000000000000     
   1.0000000000000000        0.0000000000000000        0.0000000000000000       0.50000000000000000     
 Operator number          157
   0.0000000000000000        1.0000000000000000        0.0000000000000000       0.25000000000000000     
   1.0000000000000000        0.0000000000000000        0.0000000000000000       0.75000000000000000     
   0.0000000000000000        0.0000000000000000       -1.0000000000000000       0.50000000000000000     
 Operator number          158
   0.0000000000000000       -1.0000000000000000        0.0000000000000000       0.50000000000000000     
  -1.0000000000000000        0.0000000000000000        0.0000000000000000       0.50000000000000000     
   0.0000000000000000        0.0000000000000000       -1.0000000000000000        0.0000000000000000     
 Operator number          159
   0.0000000000000000        1.0000000000000000        0.0000000000000000       0.75000000000000000     
  -1.0000000000000000        0.0000000000000000        0.0000000000000000        0.0000000000000000     
   0.0000000000000000        0.0000000000000000        1.0000000000000000       0.75000000000000000     
 Operator number          160
   0.0000000000000000       -1.0000000000000000        0.0000000000000000        0.0000000000000000     
   1.0000000000000000        0.0000000000000000        0.0000000000000000       0.25000000000000000     
   0.0000000000000000        0.0000000000000000        1.0000000000000000       0.25000000000000000     
 Operator number          161
   1.0000000000000000        0.0000000000000000        0.0000000000000000       0.25000000000000000     
   0.0000000000000000        0.0000000000000000        1.0000000000000000       0.75000000000000000     
   0.0000000000000000       -1.0000000000000000        0.0000000000000000       0.50000000000000000     
 Operator number          162
  -1.0000000000000000        0.0000000000000000        0.0000000000000000        0.0000000000000000     
   0.0000000000000000        0.0000000000000000        1.0000000000000000       0.25000000000000000     
   0.0000000000000000        1.0000000000000000        0.0000000000000000       0.25000000000000000     
 Operator number          163
  -1.0000000000000000        0.0000000000000000        0.0000000000000000       0.50000000000000000     
   0.0000000000000000        0.0000000000000000       -1.0000000000000000       0.50000000000000000     
   0.0000000000000000       -1.0000000000000000        0.0000000000000000        0.0000000000000000     
 Operator number          164
   1.0000000000000000        0.0000000000000000        0.0000000000000000       0.75000000000000000     
   0.0000000000000000        0.0000000000000000       -1.0000000000000000        0.0000000000000000     
   0.0000000000000000        1.0000000000000000        0.0000000000000000       0.75000000000000000     
 Operator number          165
   0.0000000000000000        0.0000000000000000        1.0000000000000000       0.25000000000000000     
   0.0000000000000000        1.0000000000000000        0.0000000000000000       0.75000000000000000     
  -1.0000000000000000        0.0000000000000000        0.0000000000000000       0.50000000000000000     
 Operator number          166
   0.0000000000000000        0.0000000000000000        1.0000000000000000       0.75000000000000000     
   0.0000000000000000       -1.0000000000000000        0.0000000000000000        0.0000000000000000     
   1.0000000000000000        0.0000000000000000        0.0000000000000000       0.75000000000000000     
 Operator number          167
   0.0000000000000000        0.0000000000000000       -1.0000000000000000        0.0000000000000000     
   0.0000000000000000        1.0000000000000000        0.0000000000000000       0.25000000000000000     
   1.0000000000000000        0.0000000000000000        0.0000000000000000       0.25000000000000000     
 Operator number          168
   0.0000000000000000        0.0000000000000000       -1.0000000000000000       0.50000000000000000     
   0.0000000000000000       -1.0000000000000000        0.0000000000000000       0.50000000000000000     
  -1.0000000000000000        0.0000000000000000        0.0000000000000000        0.0000000000000000     
 Operator number          169
  -1.0000000000000000        0.0000000000000000        0.0000000000000000       0.50000000000000000     
   0.0000000000000000       -1.0000000000000000        0.0000000000000000       0.50000000000000000     
   0.0000000000000000        0.0000000000000000       -1.0000000000000000        0.0000000000000000     
 Operator number          170
   1.0000000000000000        0.0000000000000000        0.0000000000000000       0.75000000000000000     
   0.0000000000000000        1.0000000000000000        0.0000000000000000       0.25000000000000000     
   0.0000000000000000        0.0000000000000000       -1.0000000000000000       0.50000000000000000     
 Operator number          171
   1.0000000000000000        0.0000000000000000        0.0000000000000000       0.25000000000000000     
   0.0000000000000000       -1.0000000000000000        0.0000000000000000        0.0000000000000000     
   0.0000000000000000        0.0000000000000000        1.0000000000000000       0.25000000000000000     
 Operator number          172
  -1.0000000000000000        0.0000000000000000        0.0000000000000000        0.0000000000000000     
   0.0000000000000000        1.0000000000000000        0.0000000000000000       0.75000000000000000     
   0.0000000000000000        0.0000000000000000        1.0000000000000000       0.75000000000000000     
 Operator number          173
   0.0000000000000000        0.0000000000000000       -1.0000000000000000       0.50000000000000000     
  -1.0000000000000000        0.0000000000000000        0.0000000000000000       0.50000000000000000     
   0.0000000000000000       -1.0000000000000000        0.0000000000000000        0.0000000000000000     
 Operator number          174
   0.0000000000000000        0.0000000000000000       -1.0000000000000000        0.0000000000000000     
   1.0000000000000000        0.0000000000000000        0.0000000000000000       0.75000000000000000     
   0.0000000000000000        1.0000000000000000        0.0000000000000000       0.75000000000000000     
 Operator number          175
   0.0000000000000000        0.0000000000000000        1.0000000000000000       0.75000000000000000     
   1.0000000000000000        0.0000000000000000        0.0000000000000000       0.25000000000000000     
   0.0000000000000000       -1.0000000000000000        0.0000000000000000       0.50000000000000000     
 Operator number          176
   0.0000000000000000        0.0000000000000000        1.0000000000000000       0.25000000000000000     
  -1.0000000000000000        0.0000000000000000        0.0000000000000000        0.0000000000000000     
   0.0000000000000000        1.0000000000000000        0.0000000000000000       0.25000000000000000     
 Operator number          177
   0.0000000000000000       -1.0000000000000000        0.0000000000000000       0.50000000000000000     
   0.0000000000000000        0.0000000000000000       -1.0000000000000000       0.50000000000000000     
  -1.0000000000000000        0.0000000000000000        0.0000000000000000        0.0000000000000000     
 Operator number          178
   0.0000000000000000        1.0000000000000000        0.0000000000000000       0.25000000000000000     
   0.0000000000000000        0.0000000000000000       -1.0000000000000000        0.0000000000000000     
   1.0000000000000000        0.0000000000000000        0.0000000000000000       0.25000000000000000     
 Operator number          179
   0.0000000000000000       -1.0000000000000000        0.0000000000000000        0.0000000000000000     
   0.0000000000000000        0.0000000000000000        1.0000000000000000       0.75000000000000000     
   1.0000000000000000        0.0000000000000000        0.0000000000000000       0.75000000000000000     
 Operator number          180
   0.0000000000000000        1.0000000000000000        0.0000000000000000       0.75000000000000000     
   0.0000000000000000        0.0000000000000000        1.0000000000000000       0.25000000000000000     
  -1.0000000000000000        0.0000000000000000        0.0000000000000000       0.50000000000000000     
 Operator number          181
   0.0000000000000000       -1.0000000000000000        0.0000000000000000       0.75000000000000000     
  -1.0000000000000000        0.0000000000000000        0.0000000000000000       0.25000000000000000     
   0.0000000000000000        0.0000000000000000        1.0000000000000000       0.50000000000000000     
 Operator number          182
   0.0000000000000000        1.0000000000000000        0.0000000000000000       0.50000000000000000     
   1.0000000000000000        0.0000000000000000        0.0000000000000000       0.50000000000000000     
   0.0000000000000000        0.0000000000000000        1.0000000000000000        0.0000000000000000     
 Operator number          183
   0.0000000000000000       -1.0000000000000000        0.0000000000000000       0.25000000000000000     
   1.0000000000000000        0.0000000000000000        0.0000000000000000        0.0000000000000000     
   0.0000000000000000        0.0000000000000000       -1.0000000000000000       0.25000000000000000     
 Operator number          184
   0.0000000000000000        1.0000000000000000        0.0000000000000000        0.0000000000000000     
  -1.0000000000000000        0.0000000000000000        0.0000000000000000       0.75000000000000000     
   0.0000000000000000        0.0000000000000000       -1.0000000000000000       0.75000000000000000     
 Operator number          185
  -1.0000000000000000        0.0000000000000000        0.0000000000000000       0.75000000000000000     
   0.0000000000000000        0.0000000000000000       -1.0000000000000000       0.25000000000000000     
   0.0000000000000000        1.0000000000000000        0.0000000000000000       0.50000000000000000     
 Operator number          186
   1.0000000000000000        0.0000000000000000        0.0000000000000000        0.0000000000000000     
   0.0000000000000000        0.0000000000000000       -1.0000000000000000       0.75000000000000000     
   0.0000000000000000       -1.0000000000000000        0.0000000000000000       0.75000000000000000     
 Operator number          187
   1.0000000000000000        0.0000000000000000        0.0000000000000000       0.50000000000000000     
   0.0000000000000000        0.0000000000000000        1.0000000000000000       0.50000000000000000     
   0.0000000000000000        1.0000000000000000        0.0000000000000000        0.0000000000000000     
 Operator number          188
  -1.0000000000000000        0.0000000000000000        0.0000000000000000       0.25000000000000000     
   0.0000000000000000        0.0000000000000000        1.0000000000000000        0.0000000000000000     
   0.0000000000000000       -1.0000000000000000        0.0000000000000000       0.25000000000000000     
 Operator number          189
   0.0000000000000000        0.0000000000000000       -1.0000000000000000       0.75000000000000000     
   0.0000000000000000       -1.0000000000000000        0.0000000000000000       0.25000000000000000     
   1.0000000000000000        0.0000000000000000        0.0000000000000000       0.50000000000000000     
 Operator number          190
   0.0000000000000000        0.0000000000000000       -1.0000000000000000       0.25000000000000000     
   0.0000000000000000        1.0000000000000000        0.0000000000000000        0.0000000000000000     
  -1.0000000000000000        0.0000000000000000        0.0000000000000000       0.25000000000000000     
 Operator number          191
   0.0000000000000000        0.0000000000000000        1.0000000000000000        0.0000000000000000     
   0.0000000000000000       -1.0000000000000000        0.0000000000000000       0.75000000000000000     
  -1.0000000000000000        0.0000000000000000        0.0000000000000000       0.75000000000000000     
 Operator number          192
   0.0000000000000000        0.0000000000000000        1.0000000000000000       0.50000000000000000     
   0.0000000000000000        1.0000000000000000        0.0000000000000000       0.50000000000000000     
   1.0000000000000000        0.0000000000000000        0.0000000000000000        0.0000000000000000     
