           3  substitutions in           24 sites
                   49  configurations
     1     24    1    2    3
     2     48    1    2    5
     3     48    1    2    9
     4     48    1    2   11
     5     48    1    2   13
     6     48    1    2   15
     7     24    1    3    5
     8     24    1    3    6
     9     48    1    3    9
    10     48    1    3   10
    11     48    1    3   13
    12     48    1    3   14
    13     48    1    4    5
    14     48    1    4    9
    15     48    1    4   10
    16     48    1    4   13
    17     48    1    4   14
    18     48    1    5    9
    19     48    1    5   10
    20     48    1    5   11
    21     48    1    5   12
    22     48    1    5   17
    23     48    1    5   18
    24     48    1    5   19
    25     48    1    5   20
    26     48    1    6    9
    27     48    1    6   10
    28     48    1    6   11
    29     48    1    6   12
    30     48    1    6   17
    31     48    1    6   18
    32     48    1    6   19
    33     48    1    6   20
    34     48    1    9   17
    35     24    1    9   18
    36     48    1    9   19
    37     24    1    9   21
    38     48    1    9   22
    39     48    1    9   23
    40     48    1    9   24
    41     24    1   10   18
    42     16    1   10   20
    43     24    1   10   22
    44     48    1   10   23
    45     48    1   10   24
    46     24    1   11   23
    47      8    1   12   24
    48     24    1   15   17
    49      8    1   16   18
