8.50143 614.434
8.50044 614.22
8.5014 614.429
8.50046 614.224
8.50119 614.382
8.5001 614.147
8.50076 614.29
8.50056 614.246
8.50034 614.198
8.50048 614.229
8.50007 614.14
8.50048 614.229
8.50008 614.143
8.50118 614.38
8.5012 614.386
8.5009 614.321
8.50053 614.239
8.49995 614.114
8.49998 614.121
8.50023 614.175
8.50126 614.398
8.50083 614.306
8.50017 614.162
8.49976 614.072
8.50089 614.317
8.5004 614.212
8.4996 614.038
8.49993 614.109
8.49942 613.999
8.49984 614.09
8.49925 613.962
8.50001 614.128
8.49965 614.05
8.50052 614.237
8.50014 614.155
8.49993 614.11
8.50032 614.195
8.49834 613.765
8.49949 614.015
8.49892 613.89
8.50058 614.25
8.49964 614.046
8.49984 614.091
8.50054 614.242
8.50004 614.134
8.49875 613.855
8.49952 614.02
8.4991 613.931
8.4996 614.038
8.49964 614.046
8.4999 614.103
8.50018 614.165
8.49994 614.113
8.49937 613.989
8.49975 614.07
8.50031 614.192
8.50051 614.235
8.49962 614.042
8.50018 614.165
8.49994 614.112
8.50161 614.474
8.50118 614.38
8.50048 614.23
8.50001 614.128
8.50021 614.17
8.49996 614.117
8.49949 614.015
8.49914 613.939
8.49983 614.088
8.49922 613.957
8.49883 613.872
