1  -373.29186472
2  -373.26208517
3  -373.24443590
4  -373.19742547
5  -373.26765981
6  -373.22190484
7  -373.27909438
8  -373.26436937
9  -373.17026889
10  -373.23523035
11  -373.22671716
12  -373.24038969
13  -373.21235192
14  -373.25903793
15  -373.25544852
16  -373.25074359
17  -373.25510645
18  -373.25255451
19  -373.25548054
20  -373.23973009
21  -373.33260491
22  -373.28223507
23  -373.27747527
24  -373.23663068
25  -373.31031813
26  -373.26874169
27  -373.20996281
28  -373.20619277
29  -373.18718027
30  -373.22249721
31  -373.21281680
32  -373.25819126
33  -373.23296834
34  -373.27102002
35  -373.26786620
36  -373.24035683
37  -373.25306307
38  -373.06124031
39  -373.21774397
40  -373.19070069
41  -373.27100836
42  -373.23748906
43  -373.22977215
44  -373.29926715
45  -373.26751088
46  -373.15074855
47  -373.24096582
48  -373.21833436
49  -373.25752652
50  -373.24986949
51  -373.24687020
52  -373.28931737
53  -373.28147936
54  -373.26455750
55  -373.24509690
56  -373.23706946
57  -373.27719667
58  -373.25236478
59  -373.26937534
60  -373.23389008
61  -373.41193293
62  -373.33899651
63  -373.31069809
64  -373.27708075
65  -373.29958316
66  -373.27077582
67  -373.28886307
68  -373.24920667
69  -373.23002825
70  -373.22500404
71  -373.21439627
