 Configuration with minimum energy:           61
 Configuration with maximum energy:           38

Temperature=      0.0000
         m  omega(m)   Erel(m)/eV       p(m)        p(m)/omega(m)
         1        24  0.151400E+00      0.0000    0.0000E+00
         2        32  0.209404E+00      0.0000    0.0000E+00
         3        96  0.254526E+00      0.0000    0.0000E+00
         4        96  0.348252E+00      0.0000    0.0000E+00
         5       384  0.114173E+00      0.0000    0.0000E+00
         6       384  0.301060E+00      0.0000    0.0000E+00
         7       768  0.171558E+00      0.0000    0.0000E+00
         8       768  0.223931E+00      0.0000    0.0000E+00
         9        24  0.394215E+00      0.0000    0.0000E+00
        10       768  0.305217E+00      0.0000    0.0000E+00
        11       768  0.356616E+00      0.0000    0.0000E+00
        12       384  0.282386E+00      0.0000    0.0000E+00
        13       384  0.362695E+00      0.0000    0.0000E+00
        14        96  0.833040E-01      0.0000    0.0000E+00
        15        96  0.833516E-01      0.0000    0.0000E+00
        16       192  0.125959E+00      0.0000    0.0000E+00
        17       384  0.181042E+00      0.0000    0.0000E+00
        18       384  0.259727E+00      0.0000    0.0000E+00
        19       384  0.255159E+00      0.0000    0.0000E+00
        20       384  0.308170E+00      0.0000    0.0000E+00
        21       384  0.413201E-01      0.0000    0.0000E+00
        22       384  0.154597E+00      0.0000    0.0000E+00
        23       768  0.203860E+00      0.0000    0.0000E+00
        24       768  0.259806E+00      0.0000    0.0000E+00
        25      1536  0.114843E+00      0.0000    0.0000E+00
        26      1536  0.196122E+00      0.0000    0.0000E+00
        27        96  0.302288E+00      0.0000    0.0000E+00
        28        96  0.302538E+00      0.0000    0.0000E+00
        29       192  0.393858E+00      0.0000    0.0000E+00
        30       384  0.309692E+00      0.0000    0.0000E+00
        31       384  0.402665E+00      0.0000    0.0000E+00
        32      1536  0.251141E+00      0.0000    0.0000E+00
        33      1536  0.322863E+00      0.0000    0.0000E+00
        34        96  0.173009E+00      0.0000    0.0000E+00
        35       384  0.235915E+00      0.0000    0.0000E+00
        36       192  0.242566E+00      0.0000    0.0000E+00
        37       192  0.289672E+00      0.0000    0.0000E+00
        38         8  0.502522E+00      0.0000    0.0000E+00
        39       384  0.322361E+00      0.0000    0.0000E+00
        40       384  0.405508E+00      0.0000    0.0000E+00
        41        48  0.168731E+00      0.0000    0.0000E+00
        42       384  0.320576E+00      0.0000    0.0000E+00
        43       192  0.367699E+00      0.0000    0.0000E+00
        44      1536  0.165197E+00      0.0000    0.0000E+00
        45      1536  0.255969E+00      0.0000    0.0000E+00
        46        48  0.483615E+00      0.0000    0.0000E+00
        47      1536  0.335403E+00      0.0000    0.0000E+00
        48      1536  0.405729E+00      0.0000    0.0000E+00
        49       192  0.321860E+00      0.0000    0.0000E+00
        50       192  0.330820E+00      0.0000    0.0000E+00
        51       384  0.367468E+00      0.0000    0.0000E+00
        52       768  0.233351E+00      0.0000    0.0000E+00
        53       768  0.271472E+00      0.0000    0.0000E+00
        54       768  0.341607E+00      0.0000    0.0000E+00
        55       768  0.316161E+00      0.0000    0.0000E+00
        56        96  0.413567E+00      0.0000    0.0000E+00
        57       768  0.281498E+00      0.0000    0.0000E+00
        58       768  0.387340E+00      0.0000    0.0000E+00
        59       768  0.318075E+00      0.0000    0.0000E+00
        60       768  0.365560E+00      0.0000    0.0000E+00
        61        64  0.000000E+00      1.0000    0.1562E-01
        62       384  0.990292E-01      0.0000    0.0000E+00
        63       768  0.183576E+00      0.0000    0.0000E+00
        64       256  0.229323E+00      0.0000    0.0000E+00
        65       192  0.222861E+00      0.0000    0.0000E+00
        66       768  0.270415E+00      0.0000    0.0000E+00
        67       256  0.277361E+00      0.0000    0.0000E+00
        68       768  0.339372E+00      0.0000    0.0000E+00
        69       192  0.318185E+00      0.0000    0.0000E+00
        70       384  0.409955E+00      0.0000    0.0000E+00
        71        64  0.500442E+00      0.0000    0.0000E+00


Temperature=    300.0000
         m  omega(m)   Erel(m)/eV       p(m)        p(m)/omega(m)
         1        24  0.151400E+00      0.0004    0.1511E-04
         2        32  0.209404E+00      0.0001    0.1602E-05
         3        96  0.254526E+00      0.0000    0.2797E-06
         4        96  0.348252E+00      0.0000    0.7451E-08
         5       384  0.114173E+00      0.0245    0.6377E-04
         6       384  0.301060E+00      0.0000    0.4624E-07
         7       768  0.171558E+00      0.0053    0.6927E-05
         8       768  0.223931E+00      0.0007    0.9135E-06
         9        24  0.394215E+00      0.0000    0.1259E-08
        10       768  0.305217E+00      0.0000    0.3937E-07
        11       768  0.356616E+00      0.0000    0.5392E-08
        12       384  0.282386E+00      0.0000    0.9522E-07
        13       384  0.362695E+00      0.0000    0.4262E-08
        14        96  0.833040E-01      0.0202    0.2105E-03
        15        96  0.833516E-01      0.0202    0.2101E-03
        16       192  0.125959E+00      0.0078    0.4042E-04
        17       384  0.181042E+00      0.0018    0.4800E-05
        18       384  0.259727E+00      0.0001    0.2288E-06
        19       384  0.255159E+00      0.0001    0.2730E-06
        20       384  0.308170E+00      0.0000    0.3512E-07
        21       384  0.413201E-01      0.4100    0.1068E-02
        22       384  0.154597E+00      0.0051    0.1335E-04
        23       768  0.203860E+00      0.0015    0.1986E-05
        24       768  0.259806E+00      0.0002    0.2281E-06
        25      1536  0.114843E+00      0.0954    0.6213E-04
        26      1536  0.196122E+00      0.0041    0.2679E-05
        27        96  0.302288E+00      0.0000    0.4410E-07
        28        96  0.302538E+00      0.0000    0.4367E-07
        29       192  0.393858E+00      0.0000    0.1277E-08
        30       384  0.309692E+00      0.0000    0.3311E-07
        31       384  0.402665E+00      0.0000    0.9081E-09
        32      1536  0.251141E+00      0.0005    0.3189E-06
        33      1536  0.322863E+00      0.0000    0.1990E-07
        34        96  0.173009E+00      0.0006    0.6549E-05
        35       384  0.235915E+00      0.0002    0.5747E-06
        36       192  0.242566E+00      0.0001    0.4443E-06
        37       192  0.289672E+00      0.0000    0.7184E-07
        38         8  0.502522E+00      0.0000    0.1908E-10
        39       384  0.322361E+00      0.0000    0.2029E-07
        40       384  0.405508E+00      0.0000    0.8135E-09
        41        48  0.168731E+00      0.0004    0.7728E-05
        42       384  0.320576E+00      0.0000    0.2174E-07
        43       192  0.367699E+00      0.0000    0.3512E-08
        44      1536  0.165197E+00      0.0136    0.8860E-05
        45      1536  0.255969E+00      0.0004    0.2646E-06
        46        48  0.483615E+00      0.0000    0.3965E-10
        47      1536  0.335403E+00      0.0000    0.1225E-07
        48      1536  0.405729E+00      0.0000    0.8066E-09
        49       192  0.321860E+00      0.0000    0.2068E-07
        50       192  0.330820E+00      0.0000    0.1462E-07
        51       384  0.367468E+00      0.0000    0.3543E-08
        52       768  0.233351E+00      0.0005    0.6346E-06
        53       768  0.271472E+00      0.0001    0.1452E-06
        54       768  0.341607E+00      0.0000    0.9635E-08
        55       768  0.316161E+00      0.0000    0.2578E-07
        56        96  0.413567E+00      0.0000    0.5956E-09
        57       768  0.281498E+00      0.0001    0.9855E-07
        58       768  0.387340E+00      0.0000    0.1643E-08
        59       768  0.318075E+00      0.0000    0.2394E-07
        60       768  0.365560E+00      0.0000    0.3815E-08
        61        64  0.000000E+00      0.3379    0.5280E-02
        62       384  0.990292E-01      0.0440    0.1145E-03
        63       768  0.183576E+00      0.0033    0.4352E-05
        64       256  0.229323E+00      0.0002    0.7416E-06
        65       192  0.222861E+00      0.0002    0.9521E-06
        66       768  0.270415E+00      0.0001    0.1513E-06
        67       256  0.277361E+00      0.0000    0.1157E-06
        68       768  0.339372E+00      0.0000    0.1051E-07
        69       192  0.318185E+00      0.0000    0.2384E-07
        70       384  0.409955E+00      0.0000    0.6850E-09
        71        64  0.500442E+00      0.0000    0.2068E-10


Temperature=   1000.0000
         m  omega(m)   Erel(m)/eV       p(m)        p(m)/omega(m)
         1        24  0.151400E+00      0.0015    0.6419E-04
         2        32  0.209404E+00      0.0010    0.3274E-04
         3        96  0.254526E+00      0.0019    0.1940E-04
         4        96  0.348252E+00      0.0006    0.6537E-05
         5       384  0.114173E+00      0.0380    0.9887E-04
         6       384  0.301060E+00      0.0043    0.1130E-04
         7       768  0.171558E+00      0.0390    0.5080E-04
         8       768  0.223931E+00      0.0212    0.2766E-04
         9        24  0.394215E+00      0.0001    0.3835E-05
        10       768  0.305217E+00      0.0083    0.1077E-04
        11       768  0.356616E+00      0.0046    0.5932E-05
        12       384  0.282386E+00      0.0054    0.1404E-04
        13       384  0.362695E+00      0.0021    0.5528E-05
        14        96  0.833040E-01      0.0136    0.1415E-03
        15        96  0.833516E-01      0.0136    0.1414E-03
        16       192  0.125959E+00      0.0166    0.8623E-04
        17       384  0.181042E+00      0.0175    0.4551E-04
        18       384  0.259727E+00      0.0070    0.1826E-04
        19       384  0.255159E+00      0.0074    0.1925E-04
        20       384  0.308170E+00      0.0040    0.1041E-04
        21       384  0.413201E-01      0.0884    0.2303E-03
        22       384  0.154597E+00      0.0238    0.6185E-04
        23       768  0.203860E+00      0.0268    0.3492E-04
        24       768  0.259806E+00      0.0140    0.1824E-04
        25      1536  0.114843E+00      0.1507    0.9810E-04
        26      1536  0.196122E+00      0.0587    0.3820E-04
        27        96  0.302288E+00      0.0011    0.1114E-04
        28        96  0.302538E+00      0.0011    0.1111E-04
        29       192  0.393858E+00      0.0007    0.3851E-05
        30       384  0.309692E+00      0.0039    0.1023E-04
        31       384  0.402665E+00      0.0013    0.3476E-05
        32      1536  0.251141E+00      0.0310    0.2017E-04
        33      1536  0.322863E+00      0.0135    0.8776E-05
        34        96  0.173009E+00      0.0048    0.4995E-04
        35       384  0.235915E+00      0.0092    0.2407E-04
        36       192  0.242566E+00      0.0043    0.2228E-04
        37       192  0.289672E+00      0.0025    0.1290E-04
        38         8  0.502522E+00      0.0000    0.1091E-05
        39       384  0.322361E+00      0.0034    0.8828E-05
        40       384  0.405508E+00      0.0013    0.3364E-05
        41        48  0.168731E+00      0.0025    0.5249E-04
        42       384  0.320576E+00      0.0035    0.9012E-05
        43       192  0.367699E+00      0.0010    0.5216E-05
        44      1536  0.165197E+00      0.0840    0.5469E-04
        45      1536  0.255969E+00      0.0293    0.1907E-04
        46        48  0.483615E+00      0.0001    0.1359E-05
        47      1536  0.335403E+00      0.0117    0.7588E-05
        48      1536  0.405729E+00      0.0052    0.3355E-05
        49       192  0.321860E+00      0.0017    0.8879E-05
        50       192  0.330820E+00      0.0015    0.8002E-05
        51       384  0.367468E+00      0.0020    0.5230E-05
        52       768  0.233351E+00      0.0190    0.2480E-04
        53       768  0.271472E+00      0.0122    0.1593E-04
        54       768  0.341607E+00      0.0054    0.7061E-05
        55       768  0.316161E+00      0.0073    0.9486E-05
        56        96  0.413567E+00      0.0003    0.3063E-05
        57       768  0.281498E+00      0.0109    0.1418E-04
        58       768  0.387340E+00      0.0032    0.4153E-05
        59       768  0.318075E+00      0.0071    0.9278E-05
        60       768  0.365560E+00      0.0041    0.5347E-05
        61        64  0.000000E+00      0.0238    0.3719E-03
        62       384  0.990292E-01      0.0453    0.1179E-03
        63       768  0.183576E+00      0.0339    0.4419E-04
        64       256  0.229323E+00      0.0067    0.2599E-04
        65       192  0.222861E+00      0.0054    0.2801E-04
        66       768  0.270415E+00      0.0124    0.1613E-04
        67       256  0.277361E+00      0.0038    0.1488E-04
        68       768  0.339372E+00      0.0056    0.7246E-05
        69       192  0.318185E+00      0.0018    0.9266E-05
        70       384  0.409955E+00      0.0012    0.3194E-05
        71        64  0.500442E+00      0.0001    0.1118E-05


 Infinite Temperature Limit
         m  omega(m)   Erel(m)/eV       p(m)      p(m)/omega(m)
         1        24  0.151400E+00      0.0007    0.2781E-04
         2        32  0.209404E+00      0.0009    0.2781E-04
         3        96  0.254526E+00      0.0027    0.2781E-04
         4        96  0.348252E+00      0.0027    0.2781E-04
         5       384  0.114173E+00      0.0107    0.2781E-04
         6       384  0.301060E+00      0.0107    0.2781E-04
         7       768  0.171558E+00      0.0214    0.2781E-04
         8       768  0.223931E+00      0.0214    0.2781E-04
         9        24  0.394215E+00      0.0007    0.2781E-04
        10       768  0.305217E+00      0.0214    0.2781E-04
        11       768  0.356616E+00      0.0214    0.2781E-04
        12       384  0.282386E+00      0.0107    0.2781E-04
        13       384  0.362695E+00      0.0107    0.2781E-04
        14        96  0.833040E-01      0.0027    0.2781E-04
        15        96  0.833516E-01      0.0027    0.2781E-04
        16       192  0.125959E+00      0.0053    0.2781E-04
        17       384  0.181042E+00      0.0107    0.2781E-04
        18       384  0.259727E+00      0.0107    0.2781E-04
        19       384  0.255159E+00      0.0107    0.2781E-04
        20       384  0.308170E+00      0.0107    0.2781E-04
        21       384  0.413201E-01      0.0107    0.2781E-04
        22       384  0.154597E+00      0.0107    0.2781E-04
        23       768  0.203860E+00      0.0214    0.2781E-04
        24       768  0.259806E+00      0.0214    0.2781E-04
        25      1536  0.114843E+00      0.0427    0.2781E-04
        26      1536  0.196122E+00      0.0427    0.2781E-04
        27        96  0.302288E+00      0.0027    0.2781E-04
        28        96  0.302538E+00      0.0027    0.2781E-04
        29       192  0.393858E+00      0.0053    0.2781E-04
        30       384  0.309692E+00      0.0107    0.2781E-04
        31       384  0.402665E+00      0.0107    0.2781E-04
        32      1536  0.251141E+00      0.0427    0.2781E-04
        33      1536  0.322863E+00      0.0427    0.2781E-04
        34        96  0.173009E+00      0.0027    0.2781E-04
        35       384  0.235915E+00      0.0107    0.2781E-04
        36       192  0.242566E+00      0.0053    0.2781E-04
        37       192  0.289672E+00      0.0053    0.2781E-04
        38         8  0.502522E+00      0.0002    0.2781E-04
        39       384  0.322361E+00      0.0107    0.2781E-04
        40       384  0.405508E+00      0.0107    0.2781E-04
        41        48  0.168731E+00      0.0013    0.2781E-04
        42       384  0.320576E+00      0.0107    0.2781E-04
        43       192  0.367699E+00      0.0053    0.2781E-04
        44      1536  0.165197E+00      0.0427    0.2781E-04
        45      1536  0.255969E+00      0.0427    0.2781E-04
        46        48  0.483615E+00      0.0013    0.2781E-04
        47      1536  0.335403E+00      0.0427    0.2781E-04
        48      1536  0.405729E+00      0.0427    0.2781E-04
        49       192  0.321860E+00      0.0053    0.2781E-04
        50       192  0.330820E+00      0.0053    0.2781E-04
        51       384  0.367468E+00      0.0107    0.2781E-04
        52       768  0.233351E+00      0.0214    0.2781E-04
        53       768  0.271472E+00      0.0214    0.2781E-04
        54       768  0.341607E+00      0.0214    0.2781E-04
        55       768  0.316161E+00      0.0214    0.2781E-04
        56        96  0.413567E+00      0.0027    0.2781E-04
        57       768  0.281498E+00      0.0214    0.2781E-04
        58       768  0.387340E+00      0.0214    0.2781E-04
        59       768  0.318075E+00      0.0214    0.2781E-04
        60       768  0.365560E+00      0.0214    0.2781E-04
        61        64  0.000000E+00      0.0018    0.2781E-04
        62       384  0.990292E-01      0.0107    0.2781E-04
        63       768  0.183576E+00      0.0214    0.2781E-04
        64       256  0.229323E+00      0.0071    0.2781E-04
        65       192  0.222861E+00      0.0053    0.2781E-04
        66       768  0.270415E+00      0.0214    0.2781E-04
        67       256  0.277361E+00      0.0071    0.2781E-04
        68       768  0.339372E+00      0.0214    0.2781E-04
        69       192  0.318185E+00      0.0053    0.2781E-04
        70       384  0.409955E+00      0.0107    0.2781E-04
        71        64  0.500442E+00      0.0018    0.2781E-04
