1  -1298.57716084
2  -1298.57754887
3  -1298.57920966
4  -1298.57962343
5  -1298.58944150
6  -1298.58718327
7  -1298.58865926
8  -1298.58790984
9  -1298.58130425
10  -1298.59073707
11  -1298.58998660
12  -1298.59071997
13  -1298.58996787
14  -1298.59325528
15  -1298.59322430
16  -1298.59369650
17  -1298.59167847
18  -1298.59217959
19  -1298.59217021
20  -1298.59376972
21  -1298.59746332
22  -1298.59670805
23  -1298.59595288
24  -1298.59518793
25  -1298.59668786
26  -1298.59592316
27  -1298.59024597
28  -1298.59022082
29  -1298.59068263
30  -1298.59443415
31  -1298.59367889
32  -1298.59517237
33  -1298.59440958
34  -1298.59165888
35  -1298.59213217
36  -1298.59213452
37  -1298.59372329
38  -1298.57876495
39  -1298.58953537
40  -1298.58878225
41  -1298.59414496
42  -1298.59262925
43  -1298.59422202
44  -1298.59715938
45  -1298.59639547
46  -1298.59113233
47  -1298.59564143
48  -1298.59487943
49  -1298.59262169
50  -1298.59261795
51  -1298.59421285
52  -1298.59639395
53  -1298.59639769
54  -1298.59563511
55  -1298.59562978
56  -1298.59580565
57  -1298.59798719
58  -1298.59722826
59  -1298.59799061
60  -1298.59722320
61  -1298.60168919
62  -1298.60093701
63  -1298.60017377
64  -1298.59940563
65  -1298.60017286
66  -1298.59940770
67  -1298.59941399
68  -1298.59864608
69  -1298.59864053
70  -1298.59788390
71  -1298.59712704
