# SQS scoring results from sqssod
# nsubs=4 npos=32 x=  0.125000 n_clusters=18
# Mode: van_de_Walle  omega= 1.000E+01  eps= 1.000E-08
# Rank  Config   Degen      L(A)        AbsErr    Pi_  1    Pi_  2    Pi_  3    Pi_  4    Pi_  5    Pi_  6    Pi_  7    Pi_  8    Pi_  9    Pi_ 10    Pi_ 11    Pi_ 12    Pi_ 13    Pi_ 14    Pi_ 15    Pi_ 16    Pi_ 17    Pi_ 18
     0       0      0      0.0000  0.0000000E+00   0.56250   0.42188   0.31641   0.56250   0.42188   0.56250   0.42188   0.42188   0.42188   0.42188   0.42188   0.56250   0.42188   0.42188   0.42188   0.42188   0.42188   0.56250
     1      45   1536      2.9840  7.2526042E-01   0.56250   0.43750   0.37500   0.50000   0.37500   0.54167   0.33333   0.35417   0.40625   0.38542   0.37500   0.58333   0.42708   0.41667   0.33333   0.50000   0.41667   0.50000
     2      26   1536      2.9840  7.4609375E-01   0.56250   0.43750   0.37500   0.58333   0.43750   0.54167   0.41667   0.41667   0.40625   0.38542   0.37500   0.50000   0.35417   0.33333   0.41667   0.25000   0.37500   0.50000
     3      53    768      2.9840  7.5651042E-01   0.56250   0.43750   0.37500   0.50000   0.37500   0.54167   0.33333   0.35417   0.39583   0.39583   0.37500   0.58333   0.41667   0.41667   0.33333   0.50000   0.45833   0.50000
     4      23    768      2.9840  7.7734375E-01   0.56250   0.43750   0.37500   0.58333   0.43750   0.54167   0.39583   0.43750   0.39583   0.39583   0.37500   0.50000   0.35417   0.33333   0.41667   0.25000   0.37500   0.50000
     5      66    768      2.9840  9.1276042E-01   0.56250   0.43750   0.37500   0.50000   0.37500   0.56250   0.37500   0.37500   0.41667   0.41667   0.43750   0.50000   0.37500   0.37500   0.25000   0.25000   0.37500   0.50000
     6      67    256      2.9840  9.3359375E-01   0.56250   0.43750   0.37500   0.50000   0.37500   0.56250   0.37500   0.37500   0.40625   0.43750   0.40625   0.50000   0.37500   0.37500   0.25000   0.25000   0.37500   0.50000
     7       5    384      2.9840  1.1523438E+00   0.56250   0.43750   0.37500   0.66667   0.50000   0.50000   0.41667   0.47917   0.37500   0.31250   0.25000   0.58333   0.39583   0.33333   0.58333   0.50000   0.41667   0.50000
     8      59    768      2.9840  1.2565104E+00   0.56250   0.43750   0.37500   0.50000   0.37500   0.54167   0.33333   0.35417   0.39583   0.39583   0.37500   0.50000   0.35417   0.33333   0.25000   0.25000   0.37500   0.75000
     9      35    384      0.0000  6.4973958E-01   0.54167   0.37500   0.25000   0.58333   0.41667   0.54167   0.41667   0.37500   0.37500   0.37500   0.37500   0.58333   0.39583   0.41667   0.50000   0.50000   0.41667   0.50000
    10      19    384      0.0000  6.4973958E-01   0.54167   0.37500   0.25000   0.58333   0.39583   0.54167   0.39583   0.41667   0.37500   0.37500   0.37500   0.58333   0.39583   0.41667   0.50000   0.50000   0.41667   0.50000
    11      18    384      0.0000  6.4973958E-01   0.54167   0.37500   0.25000   0.58333   0.39583   0.54167   0.39583   0.41667   0.37500   0.37500   0.37500   0.58333   0.39583   0.41667   0.50000   0.50000   0.41667   0.50000
    12      36    192      0.0000  7.1223958E-01   0.54167   0.37500   0.25000   0.58333   0.41667   0.54167   0.41667   0.37500   0.37500   0.37500   0.37500   0.58333   0.41667   0.37500   0.50000   0.50000   0.37500   0.50000
    13      47   1536      0.0000  7.3307292E-01   0.54167   0.37500   0.25000   0.50000   0.33333   0.56250   0.37500   0.35417   0.38542   0.40625   0.43750   0.58333   0.42708   0.41667   0.33333   0.50000   0.41667   0.50000
    14      54    768      0.0000  7.5390625E-01   0.54167   0.37500   0.25000   0.50000   0.33333   0.56250   0.37500   0.35417   0.38542   0.41667   0.40625   0.58333   0.41667   0.45833   0.33333   0.50000   0.41667   0.50000
    15      52    768      0.0000  7.5390625E-01   0.56250   0.40625   0.25000   0.50000   0.37500   0.54167   0.33333   0.35417   0.41667   0.38542   0.37500   0.58333   0.41667   0.41667   0.33333   0.50000   0.45833   0.50000
    16      32   1536      0.0000  7.5390625E-01   0.54167   0.37500   0.25000   0.58333   0.41667   0.56250   0.43750   0.41667   0.38542   0.40625   0.43750   0.50000   0.35417   0.37500   0.41667   0.25000   0.33333   0.50000
    17      55    768      0.0000  7.6432292E-01   0.54167   0.37500   0.25000   0.50000   0.33333   0.56250   0.37500   0.35417   0.39583   0.39583   0.43750   0.58333   0.41667   0.45833   0.33333   0.50000   0.41667   0.50000
    18      24    768      0.0000  7.8515625E-01   0.54167   0.37500   0.25000   0.58333   0.39583   0.56250   0.43750   0.43750   0.39583   0.39583   0.43750   0.50000   0.35417   0.37500   0.41667   0.25000   0.33333   0.50000
    19      44   1536      0.0000  9.3359375E-01   0.58333   0.46875   0.37500   0.50000   0.41667   0.52083   0.29167   0.35417   0.42708   0.37500   0.31250   0.58333   0.42708   0.37500   0.33333   0.50000   0.45833   0.50000
    20      64    256      0.0000  9.4140625E-01   0.56250   0.40625   0.25000   0.50000   0.37500   0.56250   0.37500   0.37500   0.43750   0.40625   0.43750   0.50000   0.37500   0.37500   0.25000   0.25000   0.37500   0.50000
    21      25   1536      0.0000  9.6484375E-01   0.58333   0.46875   0.37500   0.58333   0.47917   0.52083   0.37500   0.41667   0.42708   0.37500   0.31250   0.50000   0.35417   0.29167   0.41667   0.25000   0.41667   0.50000
    22      10    768      0.0000  1.0143229E+00   0.54167   0.37500   0.25000   0.58333   0.39583   0.52083   0.37500   0.39583   0.35417   0.33333   0.31250   0.58333   0.38542   0.37500   0.50000   0.50000   0.41667   0.75000
    23      51    384      0.0000  1.0351562E+00   0.54167   0.37500   0.25000   0.50000   0.33333   0.54167   0.33333   0.33333   0.37500   0.37500   0.37500   0.58333   0.39583   0.41667   0.33333   0.50000   0.41667   0.75000
    24      63    768      0.0000  1.0377604E+00   0.58333   0.46875   0.37500   0.50000   0.41667   0.54167   0.33333   0.37500   0.43750   0.40625   0.37500   0.50000   0.37500   0.33333   0.25000   0.25000   0.41667   0.50000
    25      68    768      0.0000  1.0455729E+00   0.54167   0.37500   0.25000   0.50000   0.33333   0.58333   0.41667   0.37500   0.40625   0.43750   0.46875   0.50000   0.37500   0.41667   0.25000   0.25000   0.33333   0.50000
    26      12    384      0.0000  1.0455729E+00   0.54167   0.37500   0.25000   0.58333   0.41667   0.52083   0.37500   0.37500   0.35417   0.33333   0.31250   0.58333   0.39583   0.37500   0.50000   0.50000   0.37500   0.75000
    27      69    192      0.0000  1.0559896E+00   0.54167   0.37500   0.25000   0.50000   0.33333   0.58333   0.41667   0.37500   0.41667   0.41667   0.50000   0.50000   0.37500   0.41667   0.25000   0.25000   0.33333   0.50000
    28      48   1536      0.0000  1.0664062E+00   0.52083   0.31250   0.12500   0.50000   0.29167   0.58333   0.41667   0.35417   0.37500   0.42708   0.46875   0.58333   0.42708   0.45833   0.33333   0.50000   0.37500   0.50000
    29      37    192      0.0000  1.0664063E+00   0.54167   0.37500   0.25000   0.58333   0.41667   0.54167   0.41667   0.37500   0.37500   0.37500   0.37500   0.50000   0.33333   0.33333   0.41667   0.25000   0.33333   0.75000
    30      20    384      0.0000  1.0664063E+00   0.54167   0.37500   0.25000   0.58333   0.39583   0.54167   0.39583   0.41667   0.37500   0.37500   0.37500   0.50000   0.33333   0.33333   0.41667   0.25000   0.33333   0.75000
    31       7    768      0.0000  1.0872396E+00   0.54167   0.37500   0.25000   0.66667   0.47917   0.52083   0.45833   0.45833   0.35417   0.33333   0.31250   0.58333   0.38542   0.37500   0.58333   0.50000   0.41667   0.50000
    32      33   1536      0.0000  1.0976562E+00   0.52083   0.31250   0.12500   0.58333   0.37500   0.58333   0.47917   0.41667   0.37500   0.42708   0.46875   0.50000   0.35417   0.41667   0.41667   0.25000   0.29167   0.50000
    33      43    192      0.0000  1.0976562E+00   0.54167   0.37500   0.25000   0.50000   0.33333   0.54167   0.33333   0.33333   0.37500   0.37500   0.37500   0.58333   0.41667   0.37500   0.33333   0.50000   0.37500   0.75000
    34      16    192      0.0000  1.1002604E+00   0.58333   0.50000   0.50000   0.58333   0.45833   0.50000   0.33333   0.41667   0.41667   0.33333   0.25000   0.58333   0.41667   0.33333   0.50000   0.50000   0.41667   0.50000
    35      22    384      0.0000  1.1106771E+00   0.58333   0.50000   0.50000   0.58333   0.45833   0.52083   0.37500   0.43750   0.41667   0.37500   0.31250   0.50000   0.35417   0.29167   0.41667   0.25000   0.41667   0.50000
    36      30    384      0.0000  1.1184896E+00   0.52083   0.31250   0.12500   0.58333   0.37500   0.58333   0.45833   0.43750   0.37500   0.41667   0.50000   0.50000   0.35417   0.41667   0.41667   0.25000   0.29167   0.50000
    37      11    768      0.0000  1.1393229E+00   0.52083   0.31250   0.12500   0.58333   0.37500   0.54167   0.39583   0.39583   0.33333   0.35417   0.37500   0.58333   0.38542   0.41667   0.50000   0.50000   0.37500   0.75000
    38      13    384      0.0000  1.1705729E+00   0.52083   0.31250   0.12500   0.58333   0.37500   0.54167   0.41667   0.37500   0.33333   0.35417   0.37500   0.58333   0.39583   0.37500   0.50000   0.50000   0.37500   0.75000
    39      65    192      0.0000  1.1731771E+00   0.58333   0.50000   0.50000   0.50000   0.41667   0.54167   0.33333   0.37500   0.41667   0.41667   0.37500   0.50000   0.37500   0.33333   0.25000   0.25000   0.41667   0.50000
    40       8    768      0.0000  1.2122396E+00   0.52083   0.31250   0.12500   0.66667   0.45833   0.54167   0.47917   0.45833   0.33333   0.35417   0.37500   0.58333   0.38542   0.41667   0.58333   0.50000   0.37500   0.50000
    41      29    192      0.0000  1.2330729E+00   0.50000   0.25000   0.00000   0.58333   0.33333   0.58333   0.45833   0.41667   0.33333   0.41667   0.50000   0.58333   0.41667   0.41667   0.50000   0.50000   0.33333   0.50000
    42      42    384      0.0000  1.2539062E+00   0.54167   0.37500   0.25000   0.50000   0.33333   0.54167   0.33333   0.33333   0.37500   0.37500   0.37500   0.66667   0.47917   0.45833   0.41667   0.75000   0.45833   0.50000
    43      57    768      0.0000  1.2539062E+00   0.56250   0.40625   0.25000   0.50000   0.37500   0.54167   0.33333   0.35417   0.41667   0.38542   0.37500   0.50000   0.35417   0.33333   0.25000   0.25000   0.37500   0.75000
    44      58    768      0.0000  1.2539062E+00   0.54167   0.37500   0.25000   0.50000   0.33333   0.56250   0.37500   0.35417   0.38542   0.41667   0.40625   0.50000   0.35417   0.37500   0.25000   0.25000   0.33333   0.75000
    45      60    768      0.0000  1.2643229E+00   0.54167   0.37500   0.25000   0.50000   0.33333   0.56250   0.37500   0.35417   0.39583   0.39583   0.43750   0.50000   0.35417   0.37500   0.25000   0.25000   0.33333   0.75000
    46      17    384      0.0000  1.2747396E+00   0.54167   0.37500   0.25000   0.66667   0.47917   0.54167   0.47917   0.45833   0.37500   0.37500   0.37500   0.50000   0.33333   0.33333   0.58333   0.25000   0.33333   0.50000
    47      34     96      0.0000  1.2851563E+00   0.54167   0.37500   0.25000   0.66667   0.50000   0.54167   0.50000   0.41667   0.37500   0.37500   0.37500   0.50000   0.33333   0.33333   0.58333   0.25000   0.33333   0.50000
    48      21    384      0.0000  1.2981771E+00   0.60417   0.50000   0.37500   0.58333   0.50000   0.50000   0.33333   0.43750   0.45833   0.35417   0.25000   0.50000   0.35417   0.25000   0.41667   0.25000   0.45833   0.50000
    49      50    192      0.0000  1.3164062E+00   0.54167   0.37500   0.25000   0.50000   0.33333   0.54167   0.33333   0.33333   0.37500   0.37500   0.37500   0.66667   0.45833   0.50000   0.41667   0.75000   0.50000   0.50000
    50      49    192      0.0000  1.3164062E+00   0.54167   0.37500   0.25000   0.50000   0.33333   0.54167   0.33333   0.33333   0.37500   0.37500   0.37500   0.66667   0.45833   0.50000   0.41667   0.75000   0.50000   0.50000
    51      62    384      0.0000  1.3502604E+00   0.60417   0.50000   0.37500   0.50000   0.45833   0.52083   0.29167   0.37500   0.45833   0.39583   0.31250   0.50000   0.37500   0.29167   0.25000   0.25000   0.45833   0.50000
    52       6    384      0.0000  1.4101563E+00   0.50000   0.25000   0.00000   0.66667   0.41667   0.56250   0.50000   0.47917   0.31250   0.37500   0.43750   0.58333   0.39583   0.41667   0.58333   0.50000   0.33333   0.50000
    53      70    384      0.0000  1.4830729E+00   0.52083   0.31250   0.12500   0.50000   0.29167   0.60417   0.45833   0.37500   0.39583   0.45833   0.50000   0.50000   0.37500   0.45833   0.25000   0.25000   0.29167   0.50000
    54      41     48      0.0000  1.5273438E+00   0.58333   0.50000   0.50000   0.50000   0.41667   0.50000   0.25000   0.33333   0.41667   0.33333   0.25000   0.66667   0.50000   0.41667   0.41667   0.75000   0.41667   0.50000
    55      31    384      0.0000  1.5559896E+00   0.50000   0.25000   0.00000   0.58333   0.33333   0.60417   0.50000   0.43750   0.35417   0.45833   0.50000   0.50000   0.35417   0.45833   0.41667   0.25000   0.25000   0.50000
    56      14     96      0.0000  1.6002604E+00   0.58333   0.50000   0.50000   0.66667   0.50000   0.50000   0.41667   0.50000   0.41667   0.33333   0.25000   0.50000   0.33333   0.25000   0.58333   0.25000   0.41667   0.50000
    57      15     96      0.0000  1.6002604E+00   0.58333   0.50000   0.50000   0.66667   0.50000   0.50000   0.41667   0.50000   0.41667   0.33333   0.25000   0.50000   0.33333   0.25000   0.58333   0.25000   0.41667   0.50000
    58      46     48      0.0000  1.6601562E+00   0.50000   0.25000   0.00000   0.50000   0.25000   0.58333   0.41667   0.33333   0.33333   0.41667   0.50000   0.66667   0.50000   0.41667   0.41667   0.75000   0.41667   0.50000
    59      28     96      0.0000  1.7330729E+00   0.50000   0.25000   0.00000   0.66667   0.41667   0.58333   0.50000   0.50000   0.33333   0.41667   0.50000   0.50000   0.33333   0.41667   0.58333   0.25000   0.25000   0.50000
    60      27     96      0.0000  1.7330729E+00   0.50000   0.25000   0.00000   0.66667   0.41667   0.58333   0.50000   0.50000   0.33333   0.41667   0.50000   0.50000   0.33333   0.41667   0.58333   0.25000   0.25000   0.50000
    61      56     96      0.0000  1.7330729E+00   0.54167   0.37500   0.25000   0.50000   0.33333   0.54167   0.33333   0.33333   0.37500   0.37500   0.37500   0.50000   0.33333   0.33333   0.25000   0.25000   0.33333   1.00000
    62      61     64      0.0000  1.8085938E+00   0.62500   0.50000   0.50000   0.50000   0.50000   0.50000   0.25000   0.37500   0.50000   0.37500   0.25000   0.50000   0.37500   0.25000   0.25000   0.25000   0.50000   0.50000
    63      39    384      0.0000  1.8476562E+00   0.54167   0.37500   0.25000   0.50000   0.33333   0.52083   0.29167   0.31250   0.35417   0.33333   0.31250   0.75000   0.54167   0.54167   0.50000   0.75000   0.54167   0.50000
    64      71     64      0.0000  1.9414062E+00   0.50000   0.25000   0.00000   0.50000   0.25000   0.62500   0.50000   0.37500   0.37500   0.50000   0.50000   0.50000   0.37500   0.50000   0.25000   0.25000   0.25000   0.50000
    65      40    384      0.0000  1.9726562E+00   0.52083   0.31250   0.12500   0.50000   0.29167   0.54167   0.33333   0.31250   0.33333   0.35417   0.37500   0.75000   0.54167   0.54167   0.50000   0.75000   0.54167   0.50000
    66       9     24      0.0000  2.4622396E+00   0.50000   0.25000   0.00000   0.66667   0.41667   0.50000   0.41667   0.41667   0.25000   0.25000   0.25000   0.66667   0.41667   0.41667   0.75000   0.75000   0.41667   1.00000
    67       3     96      0.0000  2.5143229E+00   0.50000   0.25000   0.00000   0.75000   0.50000   0.50000   0.50000   0.50000   0.25000   0.25000   0.25000   0.66667   0.41667   0.41667   0.75000   0.75000   0.41667   0.75000
    68       4     96      0.0000  2.5143229E+00   0.50000   0.25000   0.00000   0.66667   0.41667   0.50000   0.41667   0.41667   0.25000   0.25000   0.25000   0.75000   0.50000   0.50000   0.75000   0.75000   0.50000   0.75000
    69       2     32      0.0000  2.6914062E+00   0.50000   0.25000   0.00000   0.75000   0.50000   0.50000   0.50000   0.50000   0.25000   0.25000   0.25000   0.75000   0.50000   0.50000   0.75000   0.75000   0.50000   0.50000
    70       1     24      0.0000  2.7226562E+00   0.50000   0.25000   0.00000   0.83333   0.58333   0.50000   0.58333   0.58333   0.25000   0.25000   0.25000   0.66667   0.41667   0.41667   0.75000   0.75000   0.41667   0.50000
    71      38      8      0.0000  3.8476562E+00   0.50000   0.25000   0.00000   0.50000   0.25000   0.50000   0.25000   0.25000   0.25000   0.25000   0.25000   1.00000   0.75000   0.75000   0.75000   0.75000   0.75000   0.50000
