          24          12
           1           2           3           4           5           6           7           8           9          10          11          12
           2           3           1           5           6           4           8           9           7          11          12          10
           3           1           2           6           4           5           9           7           8          12          10          11
           5           6           4           8           9           7          10          11          12           2           3           1
           6           4           5           9           7           8          11          12          10           3           1           2
           4           5           6           7           8           9          12          10          11           1           2           3
           8           9           7          10          11          12           1           2           3           5           6           4
           9           7           8          11          12          10           2           3           1           6           4           5
           7           8           9          12          10          11           3           1           2           4           5           6
          10          11          12           1           2           3           4           5           6           8           9           7
          11          12          10           2           3           1           5           6           4           9           7           8
          12          10          11           3           1           2           6           4           5           7           8           9
           6           5           4           3           2           1          12          11          10           9           8           7
           4           6           5           1           3           2          10          12          11           7           9           8
           5           4           6           2           1           3          11          10          12           8           7           9
           3           2           1          12          11          10           7           9           8           6           5           4
           1           3           2          10          12          11           8           7           9           4           6           5
           2           1           3          11          10          12           9           8           7           5           4           6
          12          11          10           7           9           8           4           6           5           3           2           1
          10          12          11           8           7           9           5           4           6           1           3           2
          11          10          12           9           8           7           6           5           4           2           1           3
           7           9           8           4           6           5           1           3           2          12          11          10
           8           7           9           5           4           6           2           1           3          10          12          11
           9           8           7           6           5           4           3           2           1          11          10          12
