          24
 Operator number            1
   1.0000000000000000        0.0000000000000000        0.0000000000000000        0.0000000000000000     
   0.0000000000000000        1.0000000000000000        0.0000000000000000        0.0000000000000000     
   0.0000000000000000        0.0000000000000000        1.0000000000000000        0.0000000000000000     
 Operator number            2
   1.0000000000000000        0.0000000000000000        0.0000000000000000        0.0000000000000000     
   0.0000000000000000        1.0000000000000000        0.0000000000000000        0.0000000000000000     
   0.0000000000000000        0.0000000000000000        1.0000000000000000       0.33333334326744080     
 Operator number            3
   1.0000000000000000        0.0000000000000000        0.0000000000000000        0.0000000000000000     
   0.0000000000000000        1.0000000000000000        0.0000000000000000        0.0000000000000000     
   0.0000000000000000        0.0000000000000000        1.0000000000000000       0.66666668653488159     
 Operator number            4
   0.0000000000000000       -1.0000000000000000        0.0000000000000000       0.75000000000000000     
   1.0000000000000000        0.0000000000000000        0.0000000000000000       0.25000000000000000     
   0.0000000000000000        0.0000000000000000        1.0000000000000000       0.25000000000000000     
 Operator number            5
   0.0000000000000000       -1.0000000000000000        0.0000000000000000       0.75000000000000000     
   1.0000000000000000        0.0000000000000000        0.0000000000000000       0.25000000000000000     
   0.0000000000000000        0.0000000000000000        1.0000000000000000       0.58333334326744080     
 Operator number            6
   0.0000000000000000       -1.0000000000000000        0.0000000000000000       0.75000000000000000     
   1.0000000000000000        0.0000000000000000        0.0000000000000000       0.25000000000000000     
   0.0000000000000000        0.0000000000000000        1.0000000000000000       0.91666668653488159     
 Operator number            7
  -1.0000000000000000        0.0000000000000000        0.0000000000000000       0.50000000000000000     
   0.0000000000000000       -1.0000000000000000        0.0000000000000000        0.0000000000000000     
   0.0000000000000000        0.0000000000000000        1.0000000000000000       0.16666666666666666     
 Operator number            8
  -1.0000000000000000        0.0000000000000000        0.0000000000000000       0.50000000000000000     
   0.0000000000000000       -1.0000000000000000        0.0000000000000000        0.0000000000000000     
   0.0000000000000000        0.0000000000000000        1.0000000000000000       0.50000000993410743     
 Operator number            9
  -1.0000000000000000        0.0000000000000000        0.0000000000000000       0.50000000000000000     
   0.0000000000000000       -1.0000000000000000        0.0000000000000000        0.0000000000000000     
   0.0000000000000000        0.0000000000000000        1.0000000000000000       0.83333335320154822     
 Operator number           10
   0.0000000000000000        1.0000000000000000        0.0000000000000000       0.75000000000000000     
  -1.0000000000000000        0.0000000000000000        0.0000000000000000       0.75000000000000000     
   0.0000000000000000        0.0000000000000000        1.0000000000000000        8.3333333333333329E-002
 Operator number           11
   0.0000000000000000        1.0000000000000000        0.0000000000000000       0.75000000000000000     
  -1.0000000000000000        0.0000000000000000        0.0000000000000000       0.75000000000000000     
   0.0000000000000000        0.0000000000000000        1.0000000000000000       0.41666667660077411     
 Operator number           12
   0.0000000000000000        1.0000000000000000        0.0000000000000000       0.75000000000000000     
  -1.0000000000000000        0.0000000000000000        0.0000000000000000       0.75000000000000000     
   0.0000000000000000        0.0000000000000000        1.0000000000000000       0.75000001986821496     
 Operator number           13
   1.0000000000000000        0.0000000000000000        0.0000000000000000       0.50000000000000000     
   0.0000000000000000       -1.0000000000000000        0.0000000000000000       0.50000000000000000     
   0.0000000000000000        0.0000000000000000       -1.0000000000000000        0.0000000000000000     
 Operator number           14
   1.0000000000000000        0.0000000000000000        0.0000000000000000       0.50000000000000000     
   0.0000000000000000       -1.0000000000000000        0.0000000000000000       0.50000000000000000     
   0.0000000000000000        0.0000000000000000       -1.0000000000000000       0.33333334326744080     
 Operator number           15
   1.0000000000000000        0.0000000000000000        0.0000000000000000       0.50000000000000000     
   0.0000000000000000       -1.0000000000000000        0.0000000000000000       0.50000000000000000     
   0.0000000000000000        0.0000000000000000       -1.0000000000000000       0.66666668653488159     
 Operator number           16
   0.0000000000000000       -1.0000000000000000        0.0000000000000000       0.25000000000000000     
  -1.0000000000000000        0.0000000000000000        0.0000000000000000       0.25000000000000000     
   0.0000000000000000        0.0000000000000000       -1.0000000000000000        8.3333333333333329E-002
 Operator number           17
   0.0000000000000000       -1.0000000000000000        0.0000000000000000       0.25000000000000000     
  -1.0000000000000000        0.0000000000000000        0.0000000000000000       0.25000000000000000     
   0.0000000000000000        0.0000000000000000       -1.0000000000000000       0.41666667660077411     
 Operator number           18
   0.0000000000000000       -1.0000000000000000        0.0000000000000000       0.25000000000000000     
  -1.0000000000000000        0.0000000000000000        0.0000000000000000       0.25000000000000000     
   0.0000000000000000        0.0000000000000000       -1.0000000000000000       0.75000001986821496     
 Operator number           19
  -1.0000000000000000        0.0000000000000000        0.0000000000000000        0.0000000000000000     
   0.0000000000000000        1.0000000000000000        0.0000000000000000       0.50000000000000000     
   0.0000000000000000        0.0000000000000000       -1.0000000000000000       0.16666666666666666     
 Operator number           20
  -1.0000000000000000        0.0000000000000000        0.0000000000000000        0.0000000000000000     
   0.0000000000000000        1.0000000000000000        0.0000000000000000       0.50000000000000000     
   0.0000000000000000        0.0000000000000000       -1.0000000000000000       0.50000000993410743     
 Operator number           21
  -1.0000000000000000        0.0000000000000000        0.0000000000000000        0.0000000000000000     
   0.0000000000000000        1.0000000000000000        0.0000000000000000       0.50000000000000000     
   0.0000000000000000        0.0000000000000000       -1.0000000000000000       0.83333335320154822     
 Operator number           22
   0.0000000000000000        1.0000000000000000        0.0000000000000000       0.25000000000000000     
   1.0000000000000000        0.0000000000000000        0.0000000000000000       0.75000000000000000     
   0.0000000000000000        0.0000000000000000       -1.0000000000000000       0.25000000000000000     
 Operator number           23
   0.0000000000000000        1.0000000000000000        0.0000000000000000       0.25000000000000000     
   1.0000000000000000        0.0000000000000000        0.0000000000000000       0.75000000000000000     
   0.0000000000000000        0.0000000000000000       -1.0000000000000000       0.58333334326744080     
 Operator number           24
   0.0000000000000000        1.0000000000000000        0.0000000000000000       0.25000000000000000     
   1.0000000000000000        0.0000000000000000        0.0000000000000000       0.75000000000000000     
   0.0000000000000000        0.0000000000000000       -1.0000000000000000       0.91666668653488159     
