Space group 225
1
   1   0   0   0
   0   1   0   0
   0   0   1   0
2
  -1   0   0   0
   0  -1   0   0
   0   0  -1   0
3
   0  -1   0   0
   1   0   0   0
   0   0   1   0
4
   0   1   0   0
  -1   0   0   0
   0   0  -1   0
5
  -1   0   0   0
   0  -1   0   0
   0   0   1   0
6
   1   0   0   0
   0   1   0   0
   0   0  -1   0
7
   0   1   0   0
  -1   0   0   0
   0   0   1   0
8
   0  -1   0   0
   1   0   0   0
   0   0  -1   0
9
   1   0   0   0
   0  -1   0   0
   0   0  -1   0
10
  -1   0   0   0
   0   1   0   0
   0   0   1   0
11
   0  -1   0   0
  -1   0   0   0
   0   0  -1   0
12
   0   1   0   0
   1   0   0   0
   0   0   1   0
13
  -1   0   0   0
   0   1   0   0
   0   0  -1   0
14
   1   0   0   0
   0  -1   0   0
   0   0   1   0
15
   0   1   0   0
   1   0   0   0
   0   0  -1   0
16
   0  -1   0   0
  -1   0   0   0
   0   0   1   0
17
   0   0   1   0
   1   0   0   0
   0   1   0   0
18
   0   0  -1   0
  -1   0   0   0
   0  -1   0   0
19
   0   0   1   0
   0  -1   0   0
   1   0   0   0
20
   0   0  -1   0
   0   1   0   0
  -1   0   0   0
21
   0   0   1   0
  -1   0   0   0
   0  -1   0   0
22
   0   0  -1   0
   1   0   0   0
   0   1   0   0
23
   0   0   1   0
   0   1   0   0
  -1   0   0   0
24
   0   0  -1   0
   0  -1   0   0
   1   0   0   0
25
   0   0  -1   0
   1   0   0   0
   0  -1   0   0
26
   0   0   1   0
  -1   0   0   0
   0   1   0   0
27
   0   0  -1   0
   0  -1   0   0
  -1   0   0   0
28
   0   0   1   0
   0   1   0   0
   1   0   0   0
29
   0   0  -1   0
  -1   0   0   0
   0   1   0   0
30
   0   0   1   0
   1   0   0   0
   0  -1   0   0
31
   0   0  -1   0
   0   1   0   0
   1   0   0   0
32
   0   0   1   0
   0  -1   0   0
  -1   0   0   0
33
   0   1   0   0
   0   0   1   0
   1   0   0   0
34
   0  -1   0   0
   0   0  -1   0
  -1   0   0   0
35
   1   0   0   0
   0   0   1   0
   0  -1   0   0
36
  -1   0   0   0
   0   0  -1   0
   0   1   0   0
37
   0  -1   0   0
   0   0   1   0
  -1   0   0   0
38
   0   1   0   0
   0   0  -1   0
   1   0   0   0
39
  -1   0   0   0
   0   0   1   0
   0   1   0   0
40
   1   0   0   0
   0   0  -1   0
   0  -1   0   0
41
   0  -1   0   0
   0   0  -1   0
   1   0   0   0
42
   0   1   0   0
   0   0   1   0
  -1   0   0   0
43
  -1   0   0   0
   0   0  -1   0
   0  -1   0   0
44
   1   0   0   0
   0   0   1   0
   0   1   0   0
45
   0   1   0   0
   0   0  -1   0
  -1   0   0   0
46
   0  -1   0   0
   0   0   1   0
   1   0   0   0
47
   1   0   0   0
   0   0  -1   0
   0   1   0   0
48
  -1   0   0   0
   0   0   1   0
   0  -1   0   0
49
   1   0   0   0
   0   1   0   0.5
   0   0   1   0.5
50
  -1   0   0   0
   0  -1   0   0.5
   0   0  -1   0.5
51
   0  -1   0   0
   1   0   0   0.5
   0   0   1   0.5
52
   0   1   0   0
  -1   0   0   0.5
   0   0  -1   0.5
53
  -1   0   0   0
   0  -1   0   0.5
   0   0   1   0.5
54
   1   0   0   0
   0   1   0   0.5
   0   0  -1   0.5
55
   0   1   0   0
  -1   0   0   0.5
   0   0   1   0.5
56
   0  -1   0   0
   1   0   0   0.5
   0   0  -1   0.5
57
   1   0   0   0
   0  -1   0   0.5
   0   0  -1   0.5
58
  -1   0   0   0
   0   1   0   0.5
   0   0   1   0.5
59
   0  -1   0   0
  -1   0   0   0.5
   0   0  -1   0.5
60
   0   1   0   0
   1   0   0   0.5
   0   0   1   0.5
61
  -1   0   0   0
   0   1   0   0.5
   0   0  -1   0.5
62
   1   0   0   0
   0  -1   0   0.5
   0   0   1   0.5
63
   0   1   0   0
   1   0   0   0.5
   0   0  -1   0.5
64
   0  -1   0   0
  -1   0   0   0.5
   0   0   1   0.5
65
   0   0   1   0
   1   0   0   0.5
   0   1   0   0.5
66
   0   0  -1   0
  -1   0   0   0.5
   0  -1   0   0.5
67
   0   0   1   0
   0  -1   0   0.5
   1   0   0   0.5
68
   0   0  -1   0
   0   1   0   0.5
  -1   0   0   0.5
69
   0   0   1   0
  -1   0   0   0.5
   0  -1   0   0.5
70
   0   0  -1   0
   1   0   0   0.5
   0   1   0   0.5
71
   0   0   1   0
   0   1   0   0.5
  -1   0   0   0.5
72
   0   0  -1   0
   0  -1   0   0.5
   1   0   0   0.5
73
   0   0  -1   0
   1   0   0   0.5
   0  -1   0   0.5
74
   0   0   1   0
  -1   0   0   0.5
   0   1   0   0.5
75
   0   0  -1   0
   0  -1   0   0.5
  -1   0   0   0.5
76
   0   0   1   0
   0   1   0   0.5
   1   0   0   0.5
77
   0   0  -1   0
  -1   0   0   0.5
   0   1   0   0.5
78
   0   0   1   0
   1   0   0   0.5
   0  -1   0   0.5
79
   0   0  -1   0
   0   1   0   0.5
   1   0   0   0.5
80
   0   0   1   0
   0  -1   0   0.5
  -1   0   0   0.5
81
   0   1   0   0
   0   0   1   0.5
   1   0   0   0.5
82
   0  -1   0   0
   0   0  -1   0.5
  -1   0   0   0.5
83
   1   0   0   0
   0   0   1   0.5
   0  -1   0   0.5
84
  -1   0   0   0
   0   0  -1   0.5
   0   1   0   0.5
85
   0  -1   0   0
   0   0   1   0.5
  -1   0   0   0.5
86
   0   1   0   0
   0   0  -1   0.5
   1   0   0   0.5
87
  -1   0   0   0
   0   0   1   0.5
   0   1   0   0.5
88
   1   0   0   0
   0   0  -1   0.5
   0  -1   0   0.5
89
   0  -1   0   0
   0   0  -1   0.5
   1   0   0   0.5
90
   0   1   0   0
   0   0   1   0.5
  -1   0   0   0.5
91
  -1   0   0   0
   0   0  -1   0.5
   0  -1   0   0.5
92
   1   0   0   0
   0   0   1   0.5
   0   1   0   0.5
93
   0   1   0   0
   0   0  -1   0.5
  -1   0   0   0.5
94
   0  -1   0   0
   0   0   1   0.5
   1   0   0   0.5
95
   1   0   0   0
   0   0  -1   0.5
   0   1   0   0.5
96
  -1   0   0   0
   0   0   1   0.5
   0  -1   0   0.5
97
   1   0   0   0.5
   0   1   0   0
   0   0   1   0.5
98
  -1   0   0   0.5
   0  -1   0   0
   0   0  -1   0.5
99
   0  -1   0   0.5
   1   0   0   0
   0   0   1   0.5
100
   0   1   0   0.5
  -1   0   0   0
   0   0  -1   0.5
101
  -1   0   0   0.5
   0  -1   0   0
   0   0   1   0.5
102
   1   0   0   0.5
   0   1   0   0
   0   0  -1   0.5
103
   0   1   0   0.5
  -1   0   0   0
   0   0   1   0.5
104
   0  -1   0   0.5
   1   0   0   0
   0   0  -1   0.5
105
   1   0   0   0.5
   0  -1   0   0
   0   0  -1   0.5
106
  -1   0   0   0.5
   0   1   0   0
   0   0   1   0.5
107
   0  -1   0   0.5
  -1   0   0   0
   0   0  -1   0.5
108
   0   1   0   0.5
   1   0   0   0
   0   0   1   0.5
109
  -1   0   0   0.5
   0   1   0   0
   0   0  -1   0.5
110
   1   0   0   0.5
   0  -1   0   0
   0   0   1   0.5
111
   0   1   0   0.5
   1   0   0   0
   0   0  -1   0.5
112
   0  -1   0   0.5
  -1   0   0   0
   0   0   1   0.5
113
   0   0   1   0.5
   1   0   0   0
   0   1   0   0.5
114
   0   0  -1   0.5
  -1   0   0   0
   0  -1   0   0.5
115
   0   0   1   0.5
   0  -1   0   0
   1   0   0   0.5
116
   0   0  -1   0.5
   0   1   0   0
  -1   0   0   0.5
117
   0   0   1   0.5
  -1   0   0   0
   0  -1   0   0.5
118
   0   0  -1   0.5
   1   0   0   0
   0   1   0   0.5
119
   0   0   1   0.5
   0   1   0   0
  -1   0   0   0.5
120
   0   0  -1   0.5
   0  -1   0   0
   1   0   0   0.5
121
   0   0  -1   0.5
   1   0   0   0
   0  -1   0   0.5
122
   0   0   1   0.5
  -1   0   0   0
   0   1   0   0.5
123
   0   0  -1   0.5
   0  -1   0   0
  -1   0   0   0.5
124
   0   0   1   0.5
   0   1   0   0
   1   0   0   0.5
125
   0   0  -1   0.5
  -1   0   0   0
   0   1   0   0.5
126
   0   0   1   0.5
   1   0   0   0
   0  -1   0   0.5
127
   0   0  -1   0.5
   0   1   0   0
   1   0   0   0.5
128
   0   0   1   0.5
   0  -1   0   0
  -1   0   0   0.5
129
   0   1   0   0.5
   0   0   1   0
   1   0   0   0.5
130
   0  -1   0   0.5
   0   0  -1   0
  -1   0   0   0.5
131
   1   0   0   0.5
   0   0   1   0
   0  -1   0   0.5
132
  -1   0   0   0.5
   0   0  -1   0
   0   1   0   0.5
133
   0  -1   0   0.5
   0   0   1   0
  -1   0   0   0.5
134
   0   1   0   0.5
   0   0  -1   0
   1   0   0   0.5
135
  -1   0   0   0.5
   0   0   1   0
   0   1   0   0.5
136
   1   0   0   0.5
   0   0  -1   0
   0  -1   0   0.5
137
   0  -1   0   0.5
   0   0  -1   0
   1   0   0   0.5
138
   0   1   0   0.5
   0   0   1   0
  -1   0   0   0.5
139
  -1   0   0   0.5
   0   0  -1   0
   0  -1   0   0.5
140
   1   0   0   0.5
   0   0   1   0
   0   1   0   0.5
141
   0   1   0   0.5
   0   0  -1   0
  -1   0   0   0.5
142
   0  -1   0   0.5
   0   0   1   0
   1   0   0   0.5
143
   1   0   0   0.5
   0   0  -1   0
   0   1   0   0.5
144
  -1   0   0   0.5
   0   0   1   0
   0  -1   0   0.5
145
   1   0   0   0.5
   0   1   0   0.5
   0   0   1   0
146
  -1   0   0   0.5
   0  -1   0   0.5
   0   0  -1   0
147
   0  -1   0   0.5
   1   0   0   0.5
   0   0   1   0
148
   0   1   0   0.5
  -1   0   0   0.5
   0   0  -1   0
149
  -1   0   0   0.5
   0  -1   0   0.5
   0   0   1   0
150
   1   0   0   0.5
   0   1   0   0.5
   0   0  -1   0
151
   0   1   0   0.5
  -1   0   0   0.5
   0   0   1   0
152
   0  -1   0   0.5
   1   0   0   0.5
   0   0  -1   0
153
   1   0   0   0.5
   0  -1   0   0.5
   0   0  -1   0
154
  -1   0   0   0.5
   0   1   0   0.5
   0   0   1   0
155
   0  -1   0   0.5
  -1   0   0   0.5
   0   0  -1   0
156
   0   1   0   0.5
   1   0   0   0.5
   0   0   1   0
157
  -1   0   0   0.5
   0   1   0   0.5
   0   0  -1   0
158
   1   0   0   0.5
   0  -1   0   0.5
   0   0   1   0
159
   0   1   0   0.5
   1   0   0   0.5
   0   0  -1   0
160
   0  -1   0   0.5
  -1   0   0   0.5
   0   0   1   0
161
   0   0   1   0.5
   1   0   0   0.5
   0   1   0   0
162
   0   0  -1   0.5
  -1   0   0   0.5
   0  -1   0   0
163
   0   0   1   0.5
   0  -1   0   0.5
   1   0   0   0
164
   0   0  -1   0.5
   0   1   0   0.5
  -1   0   0   0
165
   0   0   1   0.5
  -1   0   0   0.5
   0  -1   0   0
166
   0   0  -1   0.5
   1   0   0   0.5
   0   1   0   0
167
   0   0   1   0.5
   0   1   0   0.5
  -1   0   0   0
168
   0   0  -1   0.5
   0  -1   0   0.5
   1   0   0   0
169
   0   0  -1   0.5
   1   0   0   0.5
   0  -1   0   0
170
   0   0   1   0.5
  -1   0   0   0.5
   0   1   0   0
171
   0   0  -1   0.5
   0  -1   0   0.5
  -1   0   0   0
172
   0   0   1   0.5
   0   1   0   0.5
   1   0   0   0
173
   0   0  -1   0.5
  -1   0   0   0.5
   0   1   0   0
174
   0   0   1   0.5
   1   0   0   0.5
   0  -1   0   0
175
   0   0  -1   0.5
   0   1   0   0.5
   1   0   0   0
176
   0   0   1   0.5
   0  -1   0   0.5
  -1   0   0   0
177
   0   1   0   0.5
   0   0   1   0.5
   1   0   0   0
178
   0  -1   0   0.5
   0   0  -1   0.5
  -1   0   0   0
179
   1   0   0   0.5
   0   0   1   0.5
   0  -1   0   0
180
  -1   0   0   0.5
   0   0  -1   0.5
   0   1   0   0
181
   0  -1   0   0.5
   0   0   1   0.5
  -1   0   0   0
182
   0   1   0   0.5
   0   0  -1   0.5
   1   0   0   0
183
  -1   0   0   0.5
   0   0   1   0.5
   0   1   0   0
184
   1   0   0   0.5
   0   0  -1   0.5
   0  -1   0   0
185
   0  -1   0   0.5
   0   0  -1   0.5
   1   0   0   0
186
   0   1   0   0.5
   0   0   1   0.5
  -1   0   0   0
187
  -1   0   0   0.5
   0   0  -1   0.5
   0  -1   0   0
188
   1   0   0   0.5
   0   0   1   0.5
   0   1   0   0
189
   0   1   0   0.5
   0   0  -1   0.5
  -1   0   0   0
190
   0  -1   0   0.5
   0   0   1   0.5
   1   0   0   0
191
   1   0   0   0.5
   0   0  -1   0.5
   0   1   0   0
192
  -1   0   0   0.5
   0   0   1   0.5
   0  -1   0   0
0
