 List of operators for configuration:                     1
           1
   1.00000000       0.00000000       0.00000000       0.00000000    
   0.00000000       1.00000000       0.00000000       0.00000000    
   0.00000000       0.00000000       1.00000000       0.00000000    
           2
   0.00000000       0.00000000      -1.00000000      0.750000000    
  -1.00000000       0.00000000       0.00000000      0.250000000    
   0.00000000       1.00000000       0.00000000      0.500000000    
           3
   0.00000000      -1.00000000       0.00000000      0.250000000    
   0.00000000       0.00000000       1.00000000      0.500000000    
  -1.00000000       0.00000000       0.00000000      0.750000000    
           4
   0.00000000       1.00000000       0.00000000       0.00000000    
   1.00000000       0.00000000       0.00000000       0.00000000    
   0.00000000       0.00000000       1.00000000       0.00000000    
           5
  -1.00000000       0.00000000       0.00000000      0.250000000    
   0.00000000       0.00000000      -1.00000000      0.750000000    
   0.00000000       1.00000000       0.00000000      0.500000000    
           6
   0.00000000       0.00000000       1.00000000      0.500000000    
   0.00000000      -1.00000000       0.00000000      0.250000000    
  -1.00000000       0.00000000       0.00000000      0.750000000    
           7
  -1.00000000       0.00000000       0.00000000      0.250000000    
   0.00000000       1.00000000       0.00000000       0.00000000    
   0.00000000       0.00000000      -1.00000000      0.250000000    
           8
   0.00000000       0.00000000       1.00000000      0.500000000    
  -1.00000000       0.00000000       0.00000000      0.250000000    
   0.00000000      -1.00000000       0.00000000      0.750000000    
           9
   0.00000000       1.00000000       0.00000000       0.00000000    
   0.00000000       0.00000000       1.00000000      0.500000000    
   1.00000000       0.00000000       0.00000000      0.500000000    
          10
   0.00000000      -1.00000000       0.00000000      0.250000000    
  -1.00000000       0.00000000       0.00000000      0.250000000    
   0.00000000       0.00000000       1.00000000       0.00000000    
          11
   1.00000000       0.00000000       0.00000000       0.00000000    
   0.00000000       0.00000000       1.00000000      0.500000000    
   0.00000000       1.00000000       0.00000000      0.500000000    
          12
   0.00000000       0.00000000      -1.00000000      0.750000000    
   0.00000000       1.00000000       0.00000000       0.00000000    
  -1.00000000       0.00000000       0.00000000      0.750000000    
          13
  -1.00000000       0.00000000       0.00000000      0.250000000    
   0.00000000      -1.00000000       0.00000000      0.250000000    
   0.00000000       0.00000000       1.00000000       0.00000000    
          14
   0.00000000       0.00000000       1.00000000      0.500000000    
   1.00000000       0.00000000       0.00000000       0.00000000    
   0.00000000       1.00000000       0.00000000      0.500000000    
          15
   0.00000000       1.00000000       0.00000000       0.00000000    
   0.00000000       0.00000000      -1.00000000      0.750000000    
  -1.00000000       0.00000000       0.00000000      0.750000000    
          16
   0.00000000       1.00000000       0.00000000       0.00000000    
  -1.00000000       0.00000000       0.00000000      0.250000000    
   0.00000000       0.00000000      -1.00000000      0.250000000    
          17
  -1.00000000       0.00000000       0.00000000      0.250000000    
   0.00000000       0.00000000       1.00000000      0.500000000    
   0.00000000      -1.00000000       0.00000000      0.750000000    
          18
   0.00000000       0.00000000       1.00000000      0.500000000    
   0.00000000       1.00000000       0.00000000       0.00000000    
   1.00000000       0.00000000       0.00000000      0.500000000    
          19
   1.00000000       0.00000000       0.00000000       0.00000000    
   0.00000000      -1.00000000       0.00000000      0.250000000    
   0.00000000       0.00000000      -1.00000000      0.250000000    
          20
   0.00000000       0.00000000      -1.00000000      0.750000000    
   1.00000000       0.00000000       0.00000000       0.00000000    
   0.00000000      -1.00000000       0.00000000      0.750000000    
          21
   0.00000000      -1.00000000       0.00000000      0.250000000    
   0.00000000       0.00000000      -1.00000000      0.750000000    
   1.00000000       0.00000000       0.00000000      0.500000000    
          22
   0.00000000      -1.00000000       0.00000000      0.250000000    
   1.00000000       0.00000000       0.00000000       0.00000000    
   0.00000000       0.00000000      -1.00000000      0.250000000    
          23
   1.00000000       0.00000000       0.00000000       0.00000000    
   0.00000000       0.00000000      -1.00000000      0.750000000    
   0.00000000      -1.00000000       0.00000000      0.750000000    
          24
   0.00000000       0.00000000      -1.00000000      0.750000000    
   0.00000000      -1.00000000       0.00000000      0.250000000    
   1.00000000       0.00000000       0.00000000      0.500000000    
           0
 List of operators for configuration:                     2
           1
   1.00000000       0.00000000       0.00000000       0.00000000    
   0.00000000       1.00000000       0.00000000       0.00000000    
   0.00000000       0.00000000       1.00000000       0.00000000    
           2
   0.00000000       0.00000000       1.00000000      0.500000000    
   0.00000000       1.00000000       0.00000000       0.00000000    
   1.00000000       0.00000000       0.00000000      0.500000000    
           3
  -1.00000000       0.00000000       0.00000000      0.750000000    
   0.00000000       1.00000000       0.00000000       0.00000000    
   0.00000000       0.00000000      -1.00000000      0.750000000    
           4
   0.00000000       0.00000000      -1.00000000      0.250000000    
   0.00000000       1.00000000       0.00000000       0.00000000    
  -1.00000000       0.00000000       0.00000000      0.250000000    
           0
 List of operators for configuration:                     3
           1
   1.00000000       0.00000000       0.00000000       0.00000000    
   0.00000000       1.00000000       0.00000000       0.00000000    
   0.00000000       0.00000000       1.00000000       0.00000000    
           2
   0.00000000       0.00000000       1.00000000       0.00000000    
   0.00000000       1.00000000       0.00000000       0.00000000    
   1.00000000       0.00000000       0.00000000       0.00000000    
           0
 List of operators for configuration:                     4
           1
   1.00000000       0.00000000       0.00000000       0.00000000    
   0.00000000       1.00000000       0.00000000       0.00000000    
   0.00000000       0.00000000       1.00000000       0.00000000    
           2
   0.00000000       0.00000000       1.00000000      0.500000000    
   0.00000000       1.00000000       0.00000000       0.00000000    
   1.00000000       0.00000000       0.00000000      0.500000000    
           0
 List of operators for configuration:                     5
           1
   1.00000000       0.00000000       0.00000000       0.00000000    
   0.00000000       1.00000000       0.00000000       0.00000000    
   0.00000000       0.00000000       1.00000000       0.00000000    
           2
   1.00000000       0.00000000       0.00000000       0.00000000    
   0.00000000       0.00000000       1.00000000       0.00000000    
   0.00000000       1.00000000       0.00000000       0.00000000    
           0
 List of operators for configuration:                     6
           1
   1.00000000       0.00000000       0.00000000       0.00000000    
   0.00000000       1.00000000       0.00000000       0.00000000    
   0.00000000       0.00000000       1.00000000       0.00000000    
           2
   0.00000000       1.00000000       0.00000000      0.750000000    
   1.00000000       0.00000000       0.00000000      0.250000000    
   0.00000000       0.00000000      -1.00000000      0.500000000    
           0
 List of operators for configuration:                     7
           1
   1.00000000       0.00000000       0.00000000       0.00000000    
   0.00000000       1.00000000       0.00000000       0.00000000    
   0.00000000       0.00000000       1.00000000       0.00000000    
           2
   0.00000000       1.00000000       0.00000000      0.750000000    
   1.00000000       0.00000000       0.00000000      0.250000000    
   0.00000000       0.00000000      -1.00000000      0.500000000    
           3
  -1.00000000       0.00000000       0.00000000       0.00000000    
   0.00000000      -1.00000000       0.00000000      0.500000000    
   0.00000000       0.00000000      -1.00000000      0.500000000    
           4
   0.00000000      -1.00000000       0.00000000      0.250000000    
  -1.00000000       0.00000000       0.00000000      0.250000000    
   0.00000000       0.00000000       1.00000000       0.00000000    
           0
 List of operators for configuration:                     8
           1
   1.00000000       0.00000000       0.00000000       0.00000000    
   0.00000000       1.00000000       0.00000000       0.00000000    
   0.00000000       0.00000000       1.00000000       0.00000000    
           2
   0.00000000       1.00000000       0.00000000      0.750000000    
   1.00000000       0.00000000       0.00000000      0.250000000    
   0.00000000       0.00000000      -1.00000000      0.500000000    
           3
   0.00000000       1.00000000       0.00000000      0.750000000    
   0.00000000       0.00000000      -1.00000000      0.500000000    
   1.00000000       0.00000000       0.00000000      0.250000000    
           4
   1.00000000       0.00000000       0.00000000       0.00000000    
   0.00000000       0.00000000       1.00000000       0.00000000    
   0.00000000       1.00000000       0.00000000       0.00000000    
           5
   0.00000000      -1.00000000       0.00000000      0.250000000    
   0.00000000       0.00000000       1.00000000       0.00000000    
  -1.00000000       0.00000000       0.00000000      0.250000000    
           6
  -1.00000000       0.00000000       0.00000000       0.00000000    
   0.00000000       0.00000000      -1.00000000      0.500000000    
   0.00000000      -1.00000000       0.00000000      0.500000000    
           7
  -1.00000000       0.00000000       0.00000000       0.00000000    
   0.00000000      -1.00000000       0.00000000      0.500000000    
   0.00000000       0.00000000      -1.00000000      0.500000000    
           8
   0.00000000      -1.00000000       0.00000000      0.250000000    
  -1.00000000       0.00000000       0.00000000      0.250000000    
   0.00000000       0.00000000       1.00000000       0.00000000    
           9
   0.00000000       0.00000000      -1.00000000      0.250000000    
  -1.00000000       0.00000000       0.00000000      0.250000000    
   0.00000000       1.00000000       0.00000000       0.00000000    
          10
   0.00000000       0.00000000       1.00000000      0.750000000    
   0.00000000      -1.00000000       0.00000000      0.500000000    
   1.00000000       0.00000000       0.00000000      0.250000000    
          11
   0.00000000       0.00000000       1.00000000      0.750000000    
   1.00000000       0.00000000       0.00000000      0.250000000    
   0.00000000      -1.00000000       0.00000000      0.500000000    
          12
   0.00000000       0.00000000      -1.00000000      0.250000000    
   0.00000000       1.00000000       0.00000000       0.00000000    
  -1.00000000       0.00000000       0.00000000      0.250000000    
           0
 List of operators for configuration:                     9
           1
   1.00000000       0.00000000       0.00000000       0.00000000    
   0.00000000       1.00000000       0.00000000       0.00000000    
   0.00000000       0.00000000       1.00000000       0.00000000    
           0
 List of operators for configuration:                    10
           1
   1.00000000       0.00000000       0.00000000       0.00000000    
   0.00000000       1.00000000       0.00000000       0.00000000    
   0.00000000       0.00000000       1.00000000       0.00000000    
           2
   1.00000000       0.00000000       0.00000000       0.00000000    
   0.00000000       0.00000000       1.00000000       0.00000000    
   0.00000000       1.00000000       0.00000000       0.00000000    
           0
 List of operators for configuration:                    11
           1
   1.00000000       0.00000000       0.00000000       0.00000000    
   0.00000000       1.00000000       0.00000000       0.00000000    
   0.00000000       0.00000000       1.00000000       0.00000000    
           2
   0.00000000       1.00000000       0.00000000       0.00000000    
   1.00000000       0.00000000       0.00000000       0.00000000    
   0.00000000       0.00000000       1.00000000       0.00000000    
           0
 List of operators for configuration:                    12
           1
   1.00000000       0.00000000       0.00000000       0.00000000    
   0.00000000       1.00000000       0.00000000       0.00000000    
   0.00000000       0.00000000       1.00000000       0.00000000    
           2
   0.00000000       0.00000000       1.00000000       0.00000000    
   0.00000000       1.00000000       0.00000000       0.00000000    
   1.00000000       0.00000000       0.00000000       0.00000000    
           3
  -1.00000000       0.00000000       0.00000000      0.250000000    
   0.00000000       1.00000000       0.00000000       0.00000000    
   0.00000000       0.00000000      -1.00000000      0.250000000    
           4
   0.00000000       0.00000000      -1.00000000      0.250000000    
   0.00000000       1.00000000       0.00000000       0.00000000    
  -1.00000000       0.00000000       0.00000000      0.250000000    
           0
 List of operators for configuration:                    13
           1
   1.00000000       0.00000000       0.00000000       0.00000000    
   0.00000000       1.00000000       0.00000000       0.00000000    
   0.00000000       0.00000000       1.00000000       0.00000000    
           0
 List of operators for configuration:                    14
           1
   1.00000000       0.00000000       0.00000000       0.00000000    
   0.00000000       1.00000000       0.00000000       0.00000000    
   0.00000000       0.00000000       1.00000000       0.00000000    
           2
   0.00000000       1.00000000       0.00000000       0.00000000    
   1.00000000       0.00000000       0.00000000       0.00000000    
   0.00000000       0.00000000       1.00000000       0.00000000    
           0
 List of operators for configuration:                    15
           1
   1.00000000       0.00000000       0.00000000       0.00000000    
   0.00000000       1.00000000       0.00000000       0.00000000    
   0.00000000       0.00000000       1.00000000       0.00000000    
           2
   1.00000000       0.00000000       0.00000000       0.00000000    
   0.00000000       0.00000000       1.00000000       0.00000000    
   0.00000000       1.00000000       0.00000000       0.00000000    
           0
 List of operators for configuration:                    16
           1
   1.00000000       0.00000000       0.00000000       0.00000000    
   0.00000000       1.00000000       0.00000000       0.00000000    
   0.00000000       0.00000000       1.00000000       0.00000000    
           2
   0.00000000       0.00000000       1.00000000       0.00000000    
   0.00000000       1.00000000       0.00000000       0.00000000    
   1.00000000       0.00000000       0.00000000       0.00000000    
           3
  -1.00000000       0.00000000       0.00000000      0.250000000    
   0.00000000       1.00000000       0.00000000       0.00000000    
   0.00000000       0.00000000      -1.00000000      0.250000000    
           4
   0.00000000       0.00000000      -1.00000000      0.250000000    
   0.00000000       1.00000000       0.00000000       0.00000000    
  -1.00000000       0.00000000       0.00000000      0.250000000    
           0
 List of operators for configuration:                    17
           1
   1.00000000       0.00000000       0.00000000       0.00000000    
   0.00000000       1.00000000       0.00000000       0.00000000    
   0.00000000       0.00000000       1.00000000       0.00000000    
           2
   1.00000000       0.00000000       0.00000000       0.00000000    
   0.00000000      -1.00000000       0.00000000      0.250000000    
   0.00000000       0.00000000      -1.00000000      0.250000000    
           0
 List of operators for configuration:                    18
           1
   1.00000000       0.00000000       0.00000000       0.00000000    
   0.00000000       1.00000000       0.00000000       0.00000000    
   0.00000000       0.00000000       1.00000000       0.00000000    
           2
   0.00000000       0.00000000      -1.00000000      0.750000000    
  -1.00000000       0.00000000       0.00000000      0.250000000    
   0.00000000       1.00000000       0.00000000      0.500000000    
           3
   0.00000000      -1.00000000       0.00000000      0.250000000    
   0.00000000       0.00000000       1.00000000      0.500000000    
  -1.00000000       0.00000000       0.00000000      0.750000000    
           4
   0.00000000       1.00000000       0.00000000      0.750000000    
   1.00000000       0.00000000       0.00000000      0.250000000    
   0.00000000       0.00000000      -1.00000000      0.500000000    
           5
  -1.00000000       0.00000000       0.00000000       0.00000000    
   0.00000000       0.00000000      -1.00000000       0.00000000    
   0.00000000      -1.00000000       0.00000000       0.00000000    
           6
   0.00000000       0.00000000       1.00000000      0.250000000    
   0.00000000      -1.00000000       0.00000000      0.500000000    
   1.00000000       0.00000000       0.00000000      0.750000000    
           0
 List of operators for configuration:                    19
           1
   1.00000000       0.00000000       0.00000000       0.00000000    
   0.00000000       1.00000000       0.00000000       0.00000000    
   0.00000000       0.00000000       1.00000000       0.00000000    
           2
   0.00000000      -1.00000000       0.00000000       0.00000000    
  -1.00000000       0.00000000       0.00000000       0.00000000    
   0.00000000       0.00000000      -1.00000000       0.00000000    
           3
  -1.00000000       0.00000000       0.00000000       0.00000000    
   0.00000000      -1.00000000       0.00000000       0.00000000    
   0.00000000       0.00000000      -1.00000000       0.00000000    
           4
   0.00000000       1.00000000       0.00000000       0.00000000    
   1.00000000       0.00000000       0.00000000       0.00000000    
   0.00000000       0.00000000       1.00000000       0.00000000    
           0
 List of operators for configuration:                    20
           1
   1.00000000       0.00000000       0.00000000       0.00000000    
   0.00000000       1.00000000       0.00000000       0.00000000    
   0.00000000       0.00000000       1.00000000       0.00000000    
           2
   1.00000000       0.00000000       0.00000000       0.00000000    
   0.00000000       0.00000000       1.00000000       0.00000000    
   0.00000000       1.00000000       0.00000000       0.00000000    
           0
 List of operators for configuration:                    21
           1
   1.00000000       0.00000000       0.00000000       0.00000000    
   0.00000000       1.00000000       0.00000000       0.00000000    
   0.00000000       0.00000000       1.00000000       0.00000000    
           0
 List of operators for configuration:                    22
           1
   1.00000000       0.00000000       0.00000000       0.00000000    
   0.00000000       1.00000000       0.00000000       0.00000000    
   0.00000000       0.00000000       1.00000000       0.00000000    
           2
   0.00000000       1.00000000       0.00000000      0.750000000    
   1.00000000       0.00000000       0.00000000      0.250000000    
   0.00000000       0.00000000      -1.00000000      0.500000000    
           0
 List of operators for configuration:                    23
           1
   1.00000000       0.00000000       0.00000000       0.00000000    
   0.00000000       1.00000000       0.00000000       0.00000000    
   0.00000000       0.00000000       1.00000000       0.00000000    
           2
   0.00000000      -1.00000000       0.00000000       0.00000000    
  -1.00000000       0.00000000       0.00000000       0.00000000    
   0.00000000       0.00000000      -1.00000000       0.00000000    
           3
  -1.00000000       0.00000000       0.00000000       0.00000000    
   0.00000000      -1.00000000       0.00000000       0.00000000    
   0.00000000       0.00000000      -1.00000000       0.00000000    
           4
   0.00000000       1.00000000       0.00000000       0.00000000    
   1.00000000       0.00000000       0.00000000       0.00000000    
   0.00000000       0.00000000       1.00000000       0.00000000    
           5
   0.00000000       1.00000000       0.00000000       0.00000000    
   0.00000000       0.00000000       1.00000000      0.500000000    
   1.00000000       0.00000000       0.00000000      0.500000000    
           6
  -1.00000000       0.00000000       0.00000000       0.00000000    
   0.00000000       0.00000000      -1.00000000      0.500000000    
   0.00000000      -1.00000000       0.00000000      0.500000000    
           7
   0.00000000      -1.00000000       0.00000000       0.00000000    
   0.00000000       0.00000000      -1.00000000      0.500000000    
  -1.00000000       0.00000000       0.00000000      0.500000000    
           8
   1.00000000       0.00000000       0.00000000       0.00000000    
   0.00000000       0.00000000       1.00000000      0.500000000    
   0.00000000       1.00000000       0.00000000      0.500000000    
           9
   0.00000000       0.00000000       1.00000000      0.500000000    
   1.00000000       0.00000000       0.00000000       0.00000000    
   0.00000000       1.00000000       0.00000000      0.500000000    
          10
   0.00000000       0.00000000      -1.00000000      0.500000000    
   0.00000000      -1.00000000       0.00000000       0.00000000    
  -1.00000000       0.00000000       0.00000000      0.500000000    
          11
   0.00000000       0.00000000      -1.00000000      0.500000000    
  -1.00000000       0.00000000       0.00000000       0.00000000    
   0.00000000      -1.00000000       0.00000000      0.500000000    
          12
   0.00000000       0.00000000       1.00000000      0.500000000    
   0.00000000       1.00000000       0.00000000       0.00000000    
   1.00000000       0.00000000       0.00000000      0.500000000    
           0
 List of operators for configuration:                    24
           1
   1.00000000       0.00000000       0.00000000       0.00000000    
   0.00000000       1.00000000       0.00000000       0.00000000    
   0.00000000       0.00000000       1.00000000       0.00000000    
           2
   1.00000000       0.00000000       0.00000000       0.00000000    
   0.00000000       0.00000000       1.00000000       0.00000000    
   0.00000000       1.00000000       0.00000000       0.00000000    
           3
  -1.00000000       0.00000000       0.00000000       0.00000000    
   0.00000000       0.00000000      -1.00000000      0.500000000    
   0.00000000      -1.00000000       0.00000000      0.500000000    
           4
  -1.00000000       0.00000000       0.00000000       0.00000000    
   0.00000000      -1.00000000       0.00000000      0.500000000    
   0.00000000       0.00000000      -1.00000000      0.500000000    
           0
 List of operators for configuration:                    25
           1
   1.00000000       0.00000000       0.00000000       0.00000000    
   0.00000000       1.00000000       0.00000000       0.00000000    
   0.00000000       0.00000000       1.00000000       0.00000000    
           2
   1.00000000       0.00000000       0.00000000       0.00000000    
   0.00000000       0.00000000       1.00000000       0.00000000    
   0.00000000       1.00000000       0.00000000       0.00000000    
           3
   0.00000000       0.00000000      -1.00000000      0.750000000    
  -1.00000000       0.00000000       0.00000000      0.750000000    
   0.00000000       1.00000000       0.00000000       0.00000000    
           4
   0.00000000       0.00000000      -1.00000000      0.750000000    
   0.00000000       1.00000000       0.00000000       0.00000000    
  -1.00000000       0.00000000       0.00000000      0.750000000    
           5
   0.00000000      -1.00000000       0.00000000      0.750000000    
  -1.00000000       0.00000000       0.00000000      0.750000000    
   0.00000000       0.00000000       1.00000000       0.00000000    
           6
   0.00000000      -1.00000000       0.00000000      0.750000000    
   0.00000000       0.00000000       1.00000000       0.00000000    
  -1.00000000       0.00000000       0.00000000      0.750000000    
           0
