           3  substitutions in           24 sites
                   25  configurations
     1      8    1    2    3
     2     48    1    2    5
     3     96    1    2    9
     4     96    1    2   11
     5     96    1    5    9
     6     96    1    5   11
     7     48    1    5   12
     8     16    1    5   23
     9    192    1    9   10
    10     96    1    9   16
    11     96    1    9   17
    12     48    1    9   18
    13    192    1   10   11
    14     96    1   10   13
    15     96    1   10   14
    16     48    1   10   15
    17     96    1   10   20
    18     32    9   10   11
    19     48    9   10   13
    20     96    9   10   14
    21    192    9   10   16
    22     96    9   10   20
    23     16    9   16   21
    24     48    9   16   22
    25     32    9   17   20
