# SOD OUTSOD format version 2
           5  substitutions in           24 sites
                  297  configurations
     1      8    1    2    3    4    5
     2     32    1    2    3    4    9
     3     48    1    2    3    5    6
     4    192    1    2    3    5    9
     5     96    1    2    3    5   10
     6     96    1    2    3    5   11
     7     96    1    2    3    5   12
     8     32    1    2    3    5   14
     9    192    1    2    3    9   10
    10    192    1    2    3    9   12
    11     96    1    2    3    9   16
    12     96    1    2    3    9   17
    13     96    1    2    3    9   18
    14     48    1    2    3    9   19
    15     96    1    2    3    9   20
    16     96    1    2    3    9   24
    17     48    1    2    3   12   14
    18     96    1    2    5    6    9
    19     96    1    2    5    6   11
    20    192    1    2    5    6   14
    21     96    1    2    5    7    9
    22     48    1    2    5    7   10
    23     48    1    2    5    7   12
    24    192    1    2    5    9   10
    25    192    1    2    5    9   11
    26    192    1    2    5    9   12
    27    192    1    2    5    9   13
    28    192    1    2    5    9   14
    29    192    1    2    5    9   15
    30    192    1    2    5    9   16
    31    192    1    2    5    9   17
    32     96    1    2    5    9   18
    33    192    1    2    5    9   19
    34     96    1    2    5    9   20
    35     96    1    2    5    9   21
    36    192    1    2    5    9   22
    37    192    1    2    5    9   23
    38    192    1    2    5    9   24
    39    192    1    2    5   10   11
    40    192    1    2    5   10   12
    41    192    1    2    5   10   13
    42    192    1    2    5   10   14
    43     96    1    2    5   10   15
    44     96    1    2    5   10   19
    45     48    1    2    5   10   23
    46    192    1    2    5   11   12
    47    192    1    2    5   11   13
    48     96    1    2    5   11   14
    49    192    1    2    5   11   15
    50     96    1    2    5   11   16
    51     48    1    2    5   11   24
    52     96    1    2    5   12   13
    53    192    1    2    5   12   14
    54    192    1    2    5   12   15
    55    192    1    2    5   12   16
    56     96    1    2    5   12   17
    57    192    1    2    5   12   19
    58     96    1    2    5   12   22
    59    192    1    2    5   14   15
    60     48    1    2    5   14   16
    61     48    1    2    5   15   19
    62    192    1    2    9   10   11
    63    192    1    2    9   10   13
    64    192    1    2    9   10   14
    65     96    1    2    9   10   15
    66    192    1    2    9   10   16
    67    192    1    2    9   10   19
    68    192    1    2    9   10   20
    69    192    1    2    9   11   12
    70    192    1    2    9   11   13
    71     96    1    2    9   11   14
    72    192    1    2    9   11   16
    73    192    1    2    9   11   17
    74    192    1    2    9   11   18
    75    192    1    2    9   11   19
    76    192    1    2    9   11   20
    77     96    1    2    9   11   21
    78    192    1    2    9   11   22
    79    192    1    2    9   11   23
    80    192    1    2    9   11   24
    81     96    1    2    9   12   13
    82    192    1    2    9   12   16
    83    192    1    2    9   12   17
    84    192    1    2    9   12   18
    85     96    1    2    9   12   20
    86    192    1    2    9   12   21
    87    192    1    2    9   12   22
    88    192    1    2    9   12   23
    89    192    1    2    9   12   24
    90    192    1    2    9   16   17
    91     96    1    2    9   16   21
    92    192    1    2    9   16   22
    93    192    1    2    9   16   23
    94     96    1    2    9   16   24
    95     96    1    2    9   17   20
    96     96    1    2    9   17   22
    97     96    1    2    9   18   19
    98     96    1    2    9   18   20
    99    192    1    2   11   12   13
   100    192    1    2   11   12   14
   101     96    1    2   11   12   16
   102     96    1    2   11   13   16
   103     96    1    2   11   14   16
   104     96    1    5    9   10   11
   105     96    1    5    9   10   12
   106    192    1    5    9   10   13
   107     96    1    5    9   10   14
   108    192    1    5    9   10   15
   109    192    1    5    9   10   16
   110    192    1    5    9   10   17
   111     96    1    5    9   10   20
   112     96    1    5    9   10   23
   113    192    1    5    9   11   12
   114     96    1    5    9   11   13
   115    192    1    5    9   11   15
   116    192    1    5    9   11   16
   117    192    1    5    9   11   17
   118    192    1    5    9   11   18
   119    192    1    5    9   11   19
   120    192    1    5    9   11   20
   121    192    1    5    9   11   21
   122    192    1    5    9   11   22
   123    192    1    5    9   11   23
   124    192    1    5    9   11   24
   125     96    1    5    9   12   15
   126     96    1    5    9   12   16
   127    192    1    5    9   12   17
   128    192    1    5    9   12   18
   129     96    1    5    9   12   19
   130    192    1    5    9   12   20
   131    192    1    5    9   12   21
   132    192    1    5    9   12   22
   133    192    1    5    9   12   23
   134    192    1    5    9   12   24
   135     96    1    5    9   16   21
   136     48    1    5    9   16   22
   137     48    1    5    9   16   23
   138    192    1    5    9   17   19
   139     96    1    5    9   17   20
   140    192    1    5    9   17   21
   141    192    1    5    9   17   22
   142    192    1    5    9   17   23
   143    192    1    5    9   17   24
   144     32    1    5    9   18   19
   145     96    1    5    9   18   23
   146    192    1    5    9   21   22
   147    192    1    5    9   21   23
   148     96    1    5    9   21   24
   149     96    1    5    9   22   23
   150    192    1    5   11   12   13
   151    192    1    5   11   12   15
   152    192    1    5   11   12   17
   153     48    1    5   11   12   20
   154     96    1    5   11   12   23
   155    192    1    5   11   13   17
   156     96    1    5   11   13   21
   157     96    1    5   11   13   22
   158     96    1    5   11   13   23
   159     96    1    5   11   15   20
   160     96    1    5   11   15   21
   161     96    1    5   11   15   22
   162    192    1    5   11   15   23
   163     32    1    5   11   17   21
   164     96    1    5   11   17   23
   165     48    1    5   11   20   23
   166     16    1    5   12   15   22
   167     48    1    5   12   15   23
   168     64    1    9   10   11   12
   169    192    1    9   10   11   13
   170    192    1    9   10   11   14
   171    192    1    9   10   11   15
   172    192    1    9   10   11   16
   173    192    1    9   10   11   17
   174    192    1    9   10   11   18
   175    192    1    9   10   11   19
   176    192    1    9   10   11   20
   177    192    1    9   10   11   21
   178    192    1    9   10   11   22
   179    192    1    9   10   11   23
   180    192    1    9   10   11   24
   181    192    1    9   10   13   16
   182     96    1    9   10   13   17
   183    192    1    9   10   13   18
   184     96    1    9   10   13   19
   185    192    1    9   10   13   20
   186     96    1    9   10   13   24
   187     96    1    9   10   14   16
   188    192    1    9   10   14   17
   189    192    1    9   10   14   18
   190    192    1    9   10   14   21
   191     96    1    9   10   14   22
   192     96    1    9   10   14   23
   193    192    1    9   10   15   16
   194    192    1    9   10   15   17
   195     48    1    9   10   15   18
   196    192    1    9   10   15   19
   197     96    1    9   10   15   20
   198     96    1    9   10   15   21
   199    192    1    9   10   16   17
   200     96    1    9   10   16   19
   201    192    1    9   10   16   20
   202    192    1    9   10   16   21
   203    192    1    9   10   16   22
   204    192    1    9   10   16   23
   205    192    1    9   10   16   24
   206    192    1    9   10   17   19
   207    192    1    9   10   17   20
   208    192    1    9   10   17   21
   209    192    1    9   10   17   22
   210     96    1    9   10   17   23
   211    192    1    9   10   17   24
   212     96    1    9   10   18   19
   213    192    1    9   10   18   20
   214     96    1    9   10   18   23
   215    192    1    9   10   19   20
   216     96    1    9   10   19   21
   217    192    1    9   10   19   22
   218    192    1    9   10   19   23
   219    192    1    9   10   19   24
   220    192    1    9   10   20   21
   221    192    1    9   10   20   22
   222     96    1    9   10   20   23
   223    192    1    9   10   20   24
   224    192    1    9   10   21   22
   225    192    1    9   10   21   24
   226    192    1    9   10   22   23
   227    192    1    9   10   22   24
   228     96    1    9   16   17   20
   229     96    1    9   16   17   21
   230    192    1    9   16   17   22
   231    192    1    9   16   17   24
   232     32    1    9   16   21   24
   233     48    1    9   16   22   23
   234     32    1    9   17   20   22
   235      8    1    9   18   19   23
   236    192    1   10   11   12   13
   237    192    1   10   11   12   16
   238    192    1   10   11   12   17
   239     96    1   10   11   13   14
   240     96    1   10   11   13   15
   241    192    1   10   11   13   16
   242     96    1   10   11   13   17
   243     96    1   10   11   13   20
   244    192    1   10   11   13   21
   245    192    1   10   11   13   22
   246    192    1   10   11   13   24
   247     96    1   10   11   14   15
   248    192    1   10   11   14   16
   249    192    1   10   11   14   17
   250    192    1   10   11   14   20
   251    192    1   10   11   14   21
   252    192    1   10   11   14   22
   253    192    1   10   11   14   24
   254     96    1   10   11   15   16
   255    192    1   10   11   15   20
   256    192    1   10   11   15   21
   257     96    1   10   11   15   24
   258     96    1   10   11   16   20
   259    192    1   10   11   16   21
   260     48    1   10   11   21   22
   261     48    1   10   13   16   21
   262     24    1   10   15   20   21
   263     96    9   10   11   12   13
   264     48    9   10   11   13   14
   265     96    9   10   11   13   15
   266    192    9   10   11   13   16
   267     96    9   10   11   13   17
   268    192    9   10   11   13   18
   269    192    9   10   11   13   19
   270    192    9   10   11   13   20
   271    192    9   10   11   13   22
   272    192    9   10   11   13   23
   273     96    9   10   11   13   24
   274     96    9   10   11   15   16
   275    192    9   10   11   15   19
   276     96    9   10   11   15   22
   277     96    9   10   11   16   19
   278    192    9   10   13   16   17
   279    192    9   10   13   16   18
   280     48    9   10   13   16   21
   281    192    9   10   13   16   22
   282     48    9   10   13   16   24
   283     96    9   10   13   17   18
   284     48    9   10   13   17   19
   285    192    9   10   13   17   20
   286     96    9   10   13   18   20
   287     96    9   10   13   18   23
   288    192    9   10   14   16   17
   289     96    9   10   14   16   18
   290     96    9   10   14   16   22
   291     96    9   10   14   16   23
   292     96    9   10   14   17   19
   293     96    9   10   14   17   20
   294    192    9   10   14   17   23
   295     96    9   10   14   18   23
   296     48    9   10   16   19   23
   297     96    9   10   16   20   21
