# SOD OUTSOD format version 2
          12  substitutions in           16 sites
                   22  configurations
     1     12   17   18   19   20   21   22   23   24   25   26   27   28
     2    192   17   18   19   20   21   22   23   24   25   26   27   29
     3    192   17   18   19   20   21   22   23   24   25   26   27   31
     4     96   17   18   19   20   21   22   23   24   25   26   29   30
     5     24   17   18   19   20   21   22   23   24   25   26   29   31
     6     96   17   18   19   20   21   22   23   24   25   26   29   32
     7     48   17   18   19   20   21   22   23   24   25   27   29   32
     8     96   17   18   19   20   21   22   23   24   25   27   30   31
     9    192   17   18   19   20   21   22   23   24   25   27   30   32
    10     96   17   18   19   20   21   22   23   24   25   28   29   30
    11     96   17   18   19   20   21   22   23   24   25   28   29   32
    12     96   17   18   19   20   21   22   23   24   25   28   30   31
    13     96   17   18   19   20   21   22   23   25   26   27   28   30
    14     96   17   18   19   20   21   22   24   25   26   27   29   30
    15     96   17   18   19   20   21   22   24   25   26   27   29   32
    16    192   17   18   19   20   21   22   24   25   26   27   30   31
    17     48   17   18   19   20   21   22   24   25   27   29   30   32
    18     24   17   18   19   20   21   22   24   25   28   30   31   32
    19      8   17   18   19   20   21   22   27   28   29   30   31   32
    20      4   17   18   19   21   22   24   25   26   27   28   29   32
    21     12   17   18   19   21   22   24   25   26   27   28   30   31
    22      8   17   18   19   21   23   24   26   27   28   29   30   31
