1  -3815.70672021
2  -3815.68981225
3  -3815.70694601
4  -3815.67192890
5  -3815.69127647
6  -3815.72476469
7  -3815.71985356
8  -3815.72644653
9  -3815.73537171
10  -3815.67975796
11  -3815.70908894
12  -3815.74269925
13  -3815.69053793
14  -3815.70925006
15  -3815.72759368
16  -3815.70147683
17  -3815.73827251
18  -3815.69561616
19  -3815.67658450
20  -3815.68479286
21  -3815.68613796
22  -3815.69588559
23  -3815.71682167
24  -3815.71133133
25  -3815.70507975
26  -3815.68582294
27  -3815.70676483
28  -3815.69162067
29  -3815.73257430
30  -3815.75249510
31  -3815.74640407
32  -3815.74547728
33  -3815.72860285
34  -3815.74146672
35  -3815.72278899
36  -3815.74949354
37  -3815.77424715
38  -3815.75819940
39  -3815.72739151
40  -3815.73994089
41  -3815.72796631
42  -3815.73098077
43  -3815.73754847
44  -3815.75010564
45  -3815.75192964
46  -3815.74374340
47  -3815.73636522
48  -3815.73193337
49  -3815.73216498
50  -3815.74907477
51  -3815.76231706
52  -3815.76898050
53  -3815.82280596
54  -3815.79312396
55  -3815.78165439
56  -3815.81526025
57  -3815.83554772
58  -3815.74238196
59  -3815.75597563
60  -3815.72792533
61  -3815.75227609
62  -3815.67997290
63  -3815.69309708
64  -3815.73216265
65  -3815.65155374
66  -3815.74634134
67  -3815.69662120
68  -3815.70659716
69  -3815.75916936
70  -3815.66322611
71  -3815.68367507
72  -3815.65502876
73  -3815.74218595
74  -3815.73119587
75  -3815.71274121
76  -3815.70207301
77  -3815.76175145
78  -3815.71583897
79  -3815.70477809
80  -3815.71656010
81  -3815.73805669
82  -3815.78832129
83  -3815.65661386
84  -3815.69458460
85  -3815.67276235
86  -3815.69502663
87  -3815.68154036
88  -3815.70372192
89  -3815.68329001
90  -3815.70730104
91  -3815.68828706
92  -3815.70088334
93  -3815.73780375
94  -3815.71333331
95  -3815.71529885
96  -3815.70170785
97  -3815.64091190
98  -3815.72207228
99  -3815.69022753
100  -3815.71190598
101  -3815.73458175
102  -3815.70169659
103  -3815.72430492
104  -3815.71853593
105  -3815.71605525
106  -3815.71070816
107  -3815.73195801
108  -3815.70032222
109  -3815.67912728
110  -3815.71483153
111  -3815.79347247
112  -3815.74022767
113  -3815.72250640
114  -3815.75684336
115  -3815.67637661
116  -3815.69627567
117  -3815.72730910
118  -3815.72731951
119  -3815.69391176
120  -3815.71525914
121  -3815.72462507
122  -3815.73823804
123  -3815.72000445
124  -3815.74204321
125  -3815.72323277
126  -3815.72676529
127  -3815.76306364
128  -3815.74719005
129  -3815.73265229
130  -3815.70186813
131  -3815.69964982
132  -3815.73285428
133  -3815.66484681
134  -3815.72898769
135  -3815.70133149
136  -3815.71891661
137  -3815.70412309
138  -3815.74432907
139  -3815.72701101
140  -3815.67398158
141  -3815.72471476
142  -3815.77774315
143  -3815.70347932
144  -3815.70894985
145  -3815.68791795
146  -3815.76149331
147  -3815.73115929
148  -3815.67480944
149  -3815.75927917
150  -3815.67430970
151  -3815.70647393
152  -3815.67345628
153  -3815.70806086
154  -3815.74735287
155  -3815.69098140
156  -3815.71956143
157  -3815.67209155
158  -3815.72193729
159  -3815.70045135
160  -3815.70910932
161  -3815.71804707
162  -3815.72204769
163  -3815.72685151
164  -3815.67592367
165  -3815.76725993
166  -3815.70712468
167  -3815.76766125
168  -3815.73958559
169  -3815.75832186
170  -3815.72358730
171  -3815.71084466
172  -3815.71158330
173  -3815.75777202
174  -3815.66677337
175  -3815.74770620
176  -3815.69038373
177  -3815.72198822
178  -3815.69128421
179  -3815.75324620
180  -3815.62638006
181  -3815.75229664
182  -3815.67825713
183  -3815.67110775
184  -3815.69536660
185  -3815.76466791
186  -3815.70617294
187  -3815.71980981
188  -3815.73208791
189  -3815.73530003
190  -3815.76555527
191  -3815.72007453
192  -3815.70110458
193  -3815.73813419
194  -3815.71334551
195  -3815.68604213
196  -3815.74167637
197  -3815.71759501
198  -3815.75710650
199  -3815.73649527
200  -3815.73943775
201  -3815.71073078
202  -3815.79794824
203  -3815.73846714
204  -3815.77788454
205  -3815.75967136
206  -3815.66547579
207  -3815.74945497
208  -3815.72869729
209  -3815.72827031
210  -3815.72510261
211  -3815.72328274
212  -3815.73503714
213  -3815.74399356
214  -3815.74297299
215  -3815.71195822
216  -3815.71881706
217  -3815.72812360
218  -3815.70968055
219  -3815.71347605
220  -3815.76415160
221  -3815.73836119
222  -3815.77188904
223  -3815.69450520
224  -3815.72285634
225  -3815.73729246
226  -3815.69153179
227  -3815.69556779
228  -3815.76573289
229  -3815.72725049
230  -3815.73601548
231  -3815.72448737
232  -3815.72036435
233  -3815.73308487
234  -3815.72779945
235  -3815.71973515
236  -3815.72621658
237  -3815.73122672
238  -3815.75938439
239  -3815.73365834
240  -3815.78107804
241  -3815.74925353
242  -3815.71974086
243  -3815.71383081
244  -3815.71209053
245  -3815.75621676
246  -3815.75359130
247  -3815.75204266
248  -3815.79373204
249  -3815.73403065
250  -3815.74078688
251  -3815.80308831
252  -3815.72942021
253  -3815.79677372
254  -3815.75557198
255  -3815.73560908
256  -3815.74395315
257  -3815.75105157
258  -3815.76552857
259  -3815.68775007
260  -3815.67166115
261  -3815.70819045
262  -3815.70579247
263  -3815.70583966
264  -3815.72352993
265  -3815.72705384
266  -3815.75174493
267  -3815.70470603
268  -3815.70605136
269  -3815.70311856
270  -3815.70552998
271  -3815.74275484
272  -3815.70026418
273  -3815.69832790
274  -3815.67628150
275  -3815.70203275
276  -3815.71980757
277  -3815.73799952
278  -3815.71046573
279  -3815.72871346
280  -3815.71590291
281  -3815.75057613
282  -3815.71839319
283  -3815.76002601
284  -3815.76640735
285  -3815.73761893
286  -3815.75393930
287  -3815.76306386
288  -3815.74029109
289  -3815.72342392
290  -3815.70380084
291  -3815.72291961
292  -3815.76295708
293  -3815.73748461
294  -3815.72596749
295  -3815.73175720
296  -3815.74054675
297  -3815.76589245
298  -3815.70095726
299  -3815.76124781
300  -3815.77825927
301  -3815.76148450
302  -3815.79126920
303  -3815.76935465
304  -3815.76289032
305  -3815.76268634
306  -3815.75717044
307  -3815.79546685
308  -3815.83167385
309  -3815.85207970
310  -3815.69436187
311  -3815.73364041
312  -3815.77100764
313  -3815.74827538
314  -3815.72666216
315  -3815.70000643
316  -3815.63122121
317  -3815.63158395
318  -3815.69251041
319  -3815.68441088
320  -3815.72309195
321  -3815.68845484
