# SOD ENSEMBLE format version 2
           6  substitutions in           27 sites
                  321  configurations
     1     54   28   29   30   31   32   33
     2    324   28   29   30   31   32   34
     3    324   28   29   30   31   32   36
     4   1296   28   29   30   31   32   37
     5    648   28   29   30   31   32   39
     6   1296   28   29   30   31   32   40
     7    648   28   29   30   31   32   42
     8   1296   28   29   30   31   32   43
     9    648   28   29   30   31   32   45
    10    162   28   29   30   31   34   37
    11    648   28   29   30   31   34   38
    12    648   28   29   30   31   34   41
    13   1296   28   29   30   31   35   37
    14    648   28   29   30   31   35   39
    15   1296   28   29   30   31   35   40
    16   1296   28   29   30   31   35   41
    17   1296   28   29   30   31   35   42
    18    324   28   29   30   31   37   40
    19    648   28   29   30   31   37   41
    20    648   28   29   30   31   37   43
    21   1296   28   29   30   31   37   44
    22    324   28   29   30   31   37   52
    23    648   28   29   30   31   37   53
    24   1296   28   29   30   31   38   40
    25    648   28   29   30   31   38   42
    26   1296   28   29   30   31   38   43
    27   1296   28   29   30   31   38   44
    28   1296   28   29   30   31   38   45
    29   1296   28   29   30   31   38   52
    30    648   28   29   30   31   38   54
    31   1296   28   29   30   31   40   41
    32    648   28   29   30   31   40   43
    33   1296   28   29   30   31   40   44
    34    162   28   29   30   31   40   49
    35   1296   28   29   30   31   40   50
    36    648   28   29   30   31   40   52
    37   1296   28   29   30   31   40   53
    38    648   28   29   30   31   41   42
    39   1296   28   29   30   31   41   43
    40   1296   28   29   30   31   41   44
    41   1296   28   29   30   31   41   45
    42    648   28   29   30   31   41   50
    43    648   28   29   30   31   41   51
    44   1296   28   29   30   31   41   52
    45   1296   28   29   30   31   41   53
    46   1296   28   29   30   31   41   54
    47   1296   28   29   30   31   43   44
    48    324   28   29   30   31   43   52
    49   1296   28   29   30   31   43   53
    50    648   28   29   30   31   44   45
    51    648   28   29   30   31   44   53
    52    648   28   29   30   31   44   54
    53     54   28   29   30   40   41   42
    54   1296   28   29   30   40   41   43
    55    648   28   29   30   40   41   45
    56    648   28   29   30   40   41   52
    57    324   28   29   30   40   41   54
    58    324   28   29   30   40   43   49
    59   1296   28   29   30   40   43   50
    60    648   28   29   30   40   44   50
    61    648   28   29   30   40   44   51
    62    648   28   29   31   32   36   37
    63    648   28   29   31   32   36   39
    64    162   28   29   31   32   36   45
    65    324   28   29   31   32   37   38
    66   1296   28   29   31   32   37   39
    67    324   28   29   31   32   37   41
    68   1296   28   29   31   32   37   42
    69    648   28   29   31   32   37   45
    70    648   28   29   31   32   37   47
    71   1296   28   29   31   32   37   48
    72    324   28   29   31   32   37   50
    73   1296   28   29   31   32   37   51
    74    648   28   29   31   32   37   54
    75    324   28   29   31   32   39   42
    76    648   28   29   31   32   39   43
    77    648   28   29   31   32   39   45
    78    324   28   29   31   32   39   48
    79    324   28   29   31   32   39   51
    80    648   28   29   31   32   39   52
    81    648   28   29   31   32   39   54
    82     81   28   29   31   32   45   54
    83     54   28   29   31   33   35   36
    84    648   28   29   31   33   35   37
    85   1296   28   29   31   33   35   38
    86   1296   28   29   31   33   35   39
    87    648   28   29   31   33   35   41
    88   1296   28   29   31   33   35   42
    89    648   28   29   31   33   35   45
    90    648   28   29   31   33   37   39
    91   1296   28   29   31   33   37   41
    92   1296   28   29   31   33   37   42
    93   1296   28   29   31   33   37   43
    94   1296   28   29   31   33   37   44
    95   1296   28   29   31   33   37   45
    96   1296   28   29   31   33   37   48
    97    324   28   29   31   33   37   49
    98   1296   28   29   31   33   37   50
    99   1296   28   29   31   33   37   51
   100   1296   28   29   31   33   37   52
   101   1296   28   29   31   33   37   53
   102   1296   28   29   31   33   37   54
   103    648   28   29   31   33   38   39
   104   1296   28   29   31   33   38   41
   105    648   28   29   31   33   38   42
   106   1296   28   29   31   33   38   43
   107   1296   28   29   31   33   38   44
   108   1296   28   29   31   33   38   45
   109   1296   28   29   31   33   38   48
   110   1296   28   29   31   33   38   50
   111    648   28   29   31   33   38   51
   112   1296   28   29   31   33   38   52
   113   1296   28   29   31   33   38   53
   114   1296   28   29   31   33   38   54
   115    648   28   29   31   33   39   41
   116   1296   28   29   31   33   39   43
   117   1296   28   29   31   33   39   44
   118   1296   28   29   31   33   39   45
   119    648   28   29   31   33   39   48
   120    648   28   29   31   33   39   50
   121   1296   28   29   31   33   39   52
   122   1296   28   29   31   33   39   53
   123   1296   28   29   31   33   39   54
   124   1296   28   29   31   33   43   44
   125    324   28   29   31   33   43   52
   126   1296   28   29   31   33   43   53
   127    648   28   29   31   33   44   45
   128    648   28   29   31   33   44   53
   129    648   28   29   31   33   44   54
   130    648   28   29   31   36   37   41
   131   1296   28   29   31   36   37   42
   132    648   28   29   31   36   37   45
   133    648   28   29   31   36   37   48
   134    648   28   29   31   36   37   50
   135   1296   28   29   31   36   37   51
   136    648   28   29   31   36   37   54
   137    648   28   29   31   36   38   40
   138   1296   28   29   31   36   38   41
   139   1296   28   29   31   36   38   42
   140   1296   28   29   31   36   38   43
   141   1296   28   29   31   36   38   44
   142   1296   28   29   31   36   38   45
   143    648   28   29   31   36   38   48
   144    648   28   29   31   36   38   49
   145   1296   28   29   31   36   38   50
   146   1296   28   29   31   36   38   51
   147   1296   28   29   31   36   38   52
   148   1296   28   29   31   36   38   53
   149   1296   28   29   31   36   38   54
   150   1296   28   29   31   36   39   41
   151   1296   28   29   31   36   39   42
   152    648   28   29   31   36   39   43
   153   1296   28   29   31   36   39   44
   154   1296   28   29   31   36   39   45
   155    648   28   29   31   36   39   48
   156   1296   28   29   31   36   39   50
   157   1296   28   29   31   36   39   51
   158    648   28   29   31   36   39   52
   159   1296   28   29   31   36   39   53
   160   1296   28   29   31   36   39   54
   161   1296   28   29   31   36   41   42
   162    648   28   29   31   36   41   45
   163    324   28   29   31   36   41   50
   164   1296   28   29   31   36   41   51
   165    648   28   29   31   36   41   54
   166    648   28   29   31   36   42   44
   167   1296   28   29   31   36   42   45
   168    648   28   29   31   36   42   51
   169    648   28   29   31   36   42   53
   170   1296   28   29   31   36   42   54
   171    648   28   29   31   37   41   42
   172    648   28   29   31   37   41   45
   173    216   28   29   31   37   41   54
   174    648   28   29   31   37   42   44
   175   1296   28   29   31   37   42   45
   176    648   28   29   31   37   42   53
   177    648   28   29   31   37   42   54
   178    648   28   29   31   37   45   51
   179    648   28   29   31   37   45   54
   180    108   28   29   31   38   40   41
   181   1296   28   29   31   38   40   42
   182    648   28   29   31   38   40   45
   183    648   28   29   31   38   40   50
   184   1296   28   29   31   38   40   51
   185    648   28   29   31   38   40   54
   186   1296   28   29   31   38   42   43
   187   1296   28   29   31   38   42   44
   188   1296   28   29   31   38   42   45
   189   1296   28   29   31   38   42   52
   190    648   28   29   31   38   42   54
   191   1296   28   29   31   38   43   45
   192    648   28   29   31   38   43   50
   193   1296   28   29   31   38   43   51
   194   1296   28   29   31   38   43   52
   195   1296   28   29   31   38   43   53
   196   1296   28   29   31   38   43   54
   197    648   28   29   31   38   44   45
   198   1296   28   29   31   38   44   51
   199    648   28   29   31   38   45   51
   200   1296   28   29   31   38   45   52
   201   1296   28   29   31   38   45   53
   202   1296   28   29   31   38   45   54
   203    648   28   29   31   38   52   53
   204   1296   28   29   31   38   52   54
   205    648   28   29   31   39   41   42
   206    648   28   29   31   39   41   43
   207   1296   28   29   31   39   41   44
   208   1296   28   29   31   39   41   45
   209   1296   28   29   31   39   41   48
   210   1296   28   29   31   39   41   50
   211   1296   28   29   31   39   41   51
   212   1296   28   29   31   39   41   52
   213   1296   28   29   31   39   41   53
   214   1296   28   29   31   39   41   54
   215   1296   28   29   31   39   42   43
   216   1296   28   29   31   39   42   44
   217    648   28   29   31   39   42   48
   218   1296   28   29   31   39   42   50
   219    648   28   29   31   39   42   51
   220   1296   28   29   31   39   42   52
   221   1296   28   29   31   39   42   53
   222   1296   28   29   31   39   42   54
   223    648   28   29   31   39   43   45
   224   1296   28   29   31   39   43   48
   225    648   28   29   31   39   43   50
   226   1296   28   29   31   39   43   51
   227    648   28   29   31   39   43   54
   228   1296   28   29   31   39   44   45
   229   1296   28   29   31   39   44   48
   230   1296   28   29   31   39   44   50
   231   1296   28   29   31   39   44   51
   232   1296   28   29   31   39   44   52
   233   1296   28   29   31   39   44   53
   234   1296   28   29   31   39   44   54
   235    648   28   29   31   39   45   48
   236   1296   28   29   31   39   45   50
   237   1296   28   29   31   39   45   51
   238   1296   28   29   31   39   45   52
   239   1296   28   29   31   39   45   53
   240   1296   28   29   31   39   45   54
   241   1296   28   29   31   39   50   51
   242   1296   28   29   31   39   50   53
   243   1296   28   29   31   39   50   54
   244   1296   28   29   31   39   51   53
   245   1296   28   29   31   39   51   54
   246   1296   28   29   31   39   53   54
   247   1296   28   29   31   41   42   53
   248   1296   28   29   31   41   42   54
   249    648   28   29   31   41   45   50
   250   1296   28   29   31   41   45   51
   251    648   28   29   31   41   45   54
   252    648   28   29   31   41   51   53
   253   1296   28   29   31   41   51   54
   254    324   28   29   31   42   44   45
   255   1296   28   29   31   42   44   51
   256    648   28   29   31   42   44   54
   257   1296   28   29   31   42   45   53
   258    648   28   29   31   42   45   54
   259    648   28   29   33   36   39   40
   260     27   28   29   33   36   39   48
   261    648   28   29   33   36   39   49
   262    648   28   29   33   36   40   41
   263    324   28   29   33   36   40   44
   264    324   28   29   33   36   40   49
   265    648   28   29   33   36   40   50
   266    324   28   29   33   36   40   53
   267    162   28   29   33   39   40   41
   268   1296   28   29   33   39   40   43
   269   1296   28   29   33   39   40   44
   270    648   28   29   33   39   40   52
   271    648   28   29   33   39   40   53
   272    648   28   29   33   39   40   54
   273    648   28   29   33   39   43   44
   274    648   28   29   33   39   43   49
   275    648   28   29   33   39   43   50
   276   1296   28   29   33   39   43   51
   277   1296   28   29   33   39   43   52
   278   1296   28   29   33   39   43   53
   279   1296   28   29   33   39   43   54
   280   1296   28   29   33   39   45   52
   281    324   28   29   33   39   52   53
   282    648   28   29   33   39   52   54
   283    648   28   29   33   40   41   52
   284    324   28   29   33   40   41   54
   285   1296   28   29   33   40   43   50
   286    432   28   29   33   40   43   51
   287   1296   28   29   33   40   43   53
   288   1296   28   29   33   40   43   54
   289    648   28   29   33   40   44   45
   290   1296   28   29   33   40   44   50
   291   1296   28   29   33   40   44   52
   292   1296   28   29   33   40   44   53
   293   1296   28   29   33   40   44   54
   294   1296   28   29   33   40   45   50
   295   1296   28   29   33   40   45   52
   296   1296   28   29   33   40   45   53
   297    648   28   29   33   40   45   54
   298   1296   28   29   33   40   52   53
   299   1296   28   29   33   40   52   54
   300   1296   28   29   33   40   53   54
   301    324   28   29   33   42   43   44
   302   1296   28   29   33   42   43   52
   303   1296   28   29   33   42   43   53
   304    648   28   29   33   42   52   53
   305    324   28   29   33   43   44   54
   306    648   28   29   33   43   45   53
   307     54   28   29   40   41   52   53
   308    324   28   29   40   41   52   54
   309    108   28   29   40   42   53   54
   310    162   28   29   40   44   50   52
   311    648   28   29   40   44   50   54
   312    324   28   29   40   44   51   54
   313    324   28   29   40   45   51   52
   314    324   28   29   40   45   51   53
   315    648   28   32   36   38   40   48
   316    108   28   32   36   38   42   43
   317    216   28   32   36   38   42   48
   318    648   28   32   36   38   42   49
   319    648   28   32   36   38   42   52
   320    108   28   32   38   45   51   52
   321     36   28   32   39   44   51   52
