          48
 Operator number            1
   1.00000000       0.00000000       0.00000000       0.00000000    
   0.00000000       1.00000000       0.00000000       0.00000000    
   0.00000000       0.00000000       1.00000000       0.00000000    
 Operator number            2
   1.00000000       0.00000000       0.00000000       0.00000000    
   0.00000000       1.00000000       0.00000000      0.500000000    
   0.00000000       0.00000000       1.00000000       0.00000000    
 Operator number            3
   1.00000000       0.00000000       0.00000000      0.500000000    
   0.00000000       1.00000000       0.00000000       0.00000000    
   0.00000000       0.00000000       1.00000000       0.00000000    
 Operator number            4
   1.00000000       0.00000000       0.00000000      0.500000000    
   0.00000000       1.00000000       0.00000000      0.500000000    
   0.00000000       0.00000000       1.00000000       0.00000000    
 Operator number            5
   1.00000000      -1.00000000       0.00000000       0.00000000    
   1.00000000       0.00000000       0.00000000       0.00000000    
   0.00000000       0.00000000       1.00000000      0.500000000    
 Operator number            6
   1.00000000      -1.00000000       0.00000000       0.00000000    
   1.00000000       0.00000000       0.00000000      0.500000000    
   0.00000000       0.00000000       1.00000000      0.500000000    
 Operator number            7
   1.00000000      -1.00000000       0.00000000      0.500000000    
   1.00000000       0.00000000       0.00000000       0.00000000    
   0.00000000       0.00000000       1.00000000      0.500000000    
 Operator number            8
   1.00000000      -1.00000000       0.00000000      0.500000000    
   1.00000000       0.00000000       0.00000000      0.500000000    
   0.00000000       0.00000000       1.00000000      0.500000000    
 Operator number            9
   0.00000000      -1.00000000       0.00000000       0.00000000    
   1.00000000      -1.00000000       0.00000000       0.00000000    
   0.00000000       0.00000000       1.00000000       0.00000000    
 Operator number           10
   0.00000000      -1.00000000       0.00000000       0.00000000    
   1.00000000      -1.00000000       0.00000000      0.500000000    
   0.00000000       0.00000000       1.00000000       0.00000000    
 Operator number           11
   0.00000000      -1.00000000       0.00000000      0.500000000    
   1.00000000      -1.00000000       0.00000000       0.00000000    
   0.00000000       0.00000000       1.00000000       0.00000000    
 Operator number           12
   0.00000000      -1.00000000       0.00000000      0.500000000    
   1.00000000      -1.00000000       0.00000000      0.500000000    
   0.00000000       0.00000000       1.00000000       0.00000000    
 Operator number           13
  -1.00000000       0.00000000       0.00000000       0.00000000    
   0.00000000      -1.00000000       0.00000000       0.00000000    
   0.00000000       0.00000000       1.00000000      0.500000000    
 Operator number           14
  -1.00000000       0.00000000       0.00000000       0.00000000    
   0.00000000      -1.00000000       0.00000000      0.500000000    
   0.00000000       0.00000000       1.00000000      0.500000000    
 Operator number           15
  -1.00000000       0.00000000       0.00000000      0.500000000    
   0.00000000      -1.00000000       0.00000000       0.00000000    
   0.00000000       0.00000000       1.00000000      0.500000000    
 Operator number           16
  -1.00000000       0.00000000       0.00000000      0.500000000    
   0.00000000      -1.00000000       0.00000000      0.500000000    
   0.00000000       0.00000000       1.00000000      0.500000000    
 Operator number           17
  -1.00000000       1.00000000       0.00000000       0.00000000    
  -1.00000000       0.00000000       0.00000000       0.00000000    
   0.00000000       0.00000000       1.00000000       0.00000000    
 Operator number           18
  -1.00000000       1.00000000       0.00000000       0.00000000    
  -1.00000000       0.00000000       0.00000000      0.500000000    
   0.00000000       0.00000000       1.00000000       0.00000000    
 Operator number           19
  -1.00000000       1.00000000       0.00000000      0.500000000    
  -1.00000000       0.00000000       0.00000000       0.00000000    
   0.00000000       0.00000000       1.00000000       0.00000000    
 Operator number           20
  -1.00000000       1.00000000       0.00000000      0.500000000    
  -1.00000000       0.00000000       0.00000000      0.500000000    
   0.00000000       0.00000000       1.00000000       0.00000000    
 Operator number           21
   0.00000000       1.00000000       0.00000000       0.00000000    
  -1.00000000       1.00000000       0.00000000       0.00000000    
   0.00000000       0.00000000       1.00000000      0.500000000    
 Operator number           22
   0.00000000       1.00000000       0.00000000       0.00000000    
  -1.00000000       1.00000000       0.00000000      0.500000000    
   0.00000000       0.00000000       1.00000000      0.500000000    
 Operator number           23
   0.00000000       1.00000000       0.00000000      0.500000000    
  -1.00000000       1.00000000       0.00000000       0.00000000    
   0.00000000       0.00000000       1.00000000      0.500000000    
 Operator number           24
   0.00000000       1.00000000       0.00000000      0.500000000    
  -1.00000000       1.00000000       0.00000000      0.500000000    
   0.00000000       0.00000000       1.00000000      0.500000000    
 Operator number           25
   0.00000000       1.00000000       0.00000000       0.00000000    
   1.00000000       0.00000000       0.00000000       0.00000000    
   0.00000000       0.00000000       1.00000000      0.500000000    
 Operator number           26
   0.00000000       1.00000000       0.00000000       0.00000000    
   1.00000000       0.00000000       0.00000000      0.500000000    
   0.00000000       0.00000000       1.00000000      0.500000000    
 Operator number           27
   0.00000000       1.00000000       0.00000000      0.500000000    
   1.00000000       0.00000000       0.00000000       0.00000000    
   0.00000000       0.00000000       1.00000000      0.500000000    
 Operator number           28
   0.00000000       1.00000000       0.00000000      0.500000000    
   1.00000000       0.00000000       0.00000000      0.500000000    
   0.00000000       0.00000000       1.00000000      0.500000000    
 Operator number           29
   1.00000000       0.00000000       0.00000000       0.00000000    
   1.00000000      -1.00000000       0.00000000       0.00000000    
   0.00000000       0.00000000       1.00000000       0.00000000    
 Operator number           30
   1.00000000       0.00000000       0.00000000       0.00000000    
   1.00000000      -1.00000000       0.00000000      0.500000000    
   0.00000000       0.00000000       1.00000000       0.00000000    
 Operator number           31
   1.00000000       0.00000000       0.00000000      0.500000000    
   1.00000000      -1.00000000       0.00000000       0.00000000    
   0.00000000       0.00000000       1.00000000       0.00000000    
 Operator number           32
   1.00000000       0.00000000       0.00000000      0.500000000    
   1.00000000      -1.00000000       0.00000000      0.500000000    
   0.00000000       0.00000000       1.00000000       0.00000000    
 Operator number           33
   1.00000000      -1.00000000       0.00000000       0.00000000    
   0.00000000      -1.00000000       0.00000000       0.00000000    
   0.00000000       0.00000000       1.00000000      0.500000000    
 Operator number           34
   1.00000000      -1.00000000       0.00000000       0.00000000    
   0.00000000      -1.00000000       0.00000000      0.500000000    
   0.00000000       0.00000000       1.00000000      0.500000000    
 Operator number           35
   1.00000000      -1.00000000       0.00000000      0.500000000    
   0.00000000      -1.00000000       0.00000000       0.00000000    
   0.00000000       0.00000000       1.00000000      0.500000000    
 Operator number           36
   1.00000000      -1.00000000       0.00000000      0.500000000    
   0.00000000      -1.00000000       0.00000000      0.500000000    
   0.00000000       0.00000000       1.00000000      0.500000000    
 Operator number           37
   0.00000000      -1.00000000       0.00000000       0.00000000    
  -1.00000000       0.00000000       0.00000000       0.00000000    
   0.00000000       0.00000000       1.00000000       0.00000000    
 Operator number           38
   0.00000000      -1.00000000       0.00000000       0.00000000    
  -1.00000000       0.00000000       0.00000000      0.500000000    
   0.00000000       0.00000000       1.00000000       0.00000000    
 Operator number           39
   0.00000000      -1.00000000       0.00000000      0.500000000    
  -1.00000000       0.00000000       0.00000000       0.00000000    
   0.00000000       0.00000000       1.00000000       0.00000000    
 Operator number           40
   0.00000000      -1.00000000       0.00000000      0.500000000    
  -1.00000000       0.00000000       0.00000000      0.500000000    
   0.00000000       0.00000000       1.00000000       0.00000000    
 Operator number           41
  -1.00000000       0.00000000       0.00000000       0.00000000    
  -1.00000000       1.00000000       0.00000000       0.00000000    
   0.00000000       0.00000000       1.00000000      0.500000000    
 Operator number           42
  -1.00000000       0.00000000       0.00000000       0.00000000    
  -1.00000000       1.00000000       0.00000000      0.500000000    
   0.00000000       0.00000000       1.00000000      0.500000000    
 Operator number           43
  -1.00000000       0.00000000       0.00000000      0.500000000    
  -1.00000000       1.00000000       0.00000000       0.00000000    
   0.00000000       0.00000000       1.00000000      0.500000000    
 Operator number           44
  -1.00000000       0.00000000       0.00000000      0.500000000    
  -1.00000000       1.00000000       0.00000000      0.500000000    
   0.00000000       0.00000000       1.00000000      0.500000000    
 Operator number           45
  -1.00000000       1.00000000       0.00000000       0.00000000    
   0.00000000       1.00000000       0.00000000       0.00000000    
   0.00000000       0.00000000       1.00000000       0.00000000    
 Operator number           46
  -1.00000000       1.00000000       0.00000000       0.00000000    
   0.00000000       1.00000000       0.00000000      0.500000000    
   0.00000000       0.00000000       1.00000000       0.00000000    
 Operator number           47
  -1.00000000       1.00000000       0.00000000      0.500000000    
   0.00000000       1.00000000       0.00000000       0.00000000    
   0.00000000       0.00000000       1.00000000       0.00000000    
 Operator number           48
  -1.00000000       1.00000000       0.00000000      0.500000000    
   0.00000000       1.00000000       0.00000000      0.500000000    
   0.00000000       0.00000000       1.00000000       0.00000000    
