    6.4980      6.4980      5.2050     90.0000     90.0000    120.0000
           8           8
Zn     0.1666665    0.3333335    0.0000000
Zn     0.1666665    0.8333335    0.0000000
Zn     0.6666665    0.3333335    0.0000000
Zn     0.6666665    0.8333335    0.0000000
Zn     0.3333330    0.1666665    0.5000000
Zn     0.3333330    0.6666665    0.5000000
Zn     0.8333330    0.1666665    0.5000000
Zn     0.8333330    0.6666665    0.5000000
O      0.1666665    0.3333335    0.3819000
O      0.1666665    0.8333335    0.3819000
O      0.6666665    0.3333335    0.3819000
O      0.6666665    0.8333335    0.3819000
O      0.3333330    0.1666665    0.8819000
O      0.3333330    0.6666665    0.8819000
O      0.8333330    0.1666665    0.8819000
O      0.8333330    0.6666665    0.8819000
