1  -65561.520209
2  -65561.516634
3  -65561.537246
4  -65561.550418
5  -65561.545072
6  -65561.526594
7  -65561.556226
8  -65561.581560
9  -65561.530477
10  -65561.506479
11  -65561.509257
12  -65561.532614
13  -65561.536377
14  -65561.555078
15  -65561.565679
16  -65561.527691
17  -65561.545775
18  -65561.544809
19  -65561.553395
20  -65561.568758
21  -65561.569882
22  -65561.544265
23  -65561.553109
24  -65561.573847
25  -65561.564750
26  -65561.580964
27  -65561.560311
28  -65561.535714
29  -65561.558688
30  -65561.555241
31  -65561.558676
32  -65561.564609
33  -65561.506315
34  -65561.524380
35  -65561.541984
36  -65561.514090
37  -65561.518108
38  -65561.519888
39  -65561.517454
40  -65561.527180
41  -65561.516544
42  -65561.548162
43  -65561.513772
44  -65561.525179
45  -65561.543717
46  -65561.550117
47  -65561.544903
48  -65561.553412
49  -65561.570790
50  -65561.535318
51  -65561.570284
52  -65561.574696
53  -65561.579294
54  -65561.574961
55  -65561.563112
56  -65561.579044
57  -65561.547410
58  -65561.513640
59  -65561.558327
60  -65561.606100
61  -65561.597416
62  -65561.628283
63  -65561.603477
64  -65561.614131
65  -65561.591206
