# SOD OUTSOD format version 2
          10  substitutions in           16 sites
                   65  configurations
     1     48   17   18   19   20   21   22   23   24   25   26
     2     96   17   18   19   20   21   22   23   24   25   27
     3     96   17   18   19   20   21   22   23   24   25   28
     4     96   17   18   19   20   21   22   23   24   25   29
     5    192   17   18   19   20   21   22   23   24   25   30
     6    192   17   18   19   20   21   22   23   24   25   31
     7    192   17   18   19   20   21   22   23   24   25   32
     8     16   17   18   19   20   21   22   23   24   29   32
     9     48   17   18   19   20   21   22   23   24   30   31
    10    192   17   18   19   20   21   22   23   25   26   27
    11     96   17   18   19   20   21   22   23   25   26   30
    12     32   17   18   19   20   21   22   23   25   28   30
    13    192   17   18   19   20   21   22   24   25   26   27
    14    192   17   18   19   20   21   22   24   25   26   29
    15    192   17   18   19   20   21   22   24   25   26   30
    16    192   17   18   19   20   21   22   24   25   27   29
    17    192   17   18   19   20   21   22   24   25   27   30
    18     64   17   18   19   20   21   22   24   25   27   31
    19    192   17   18   19   20   21   22   24   25   27   32
    20     96   17   18   19   20   21   22   24   25   28   29
    21    192   17   18   19   20   21   22   24   25   28   30
    22    192   17   18   19   20   21   22   24   25   28   31
    23    192   17   18   19   20   21   22   24   25   28   32
    24    192   17   18   19   20   21   22   24   25   29   30
    25    192   17   18   19   20   21   22   24   25   29   32
    26     96   17   18   19   20   21   22   24   25   30   32
    27    192   17   18   19   20   21   22   24   25   31   32
    28     96   17   18   19   20   21   22   24   27   29   30
    29    192   17   18   19   20   21   22   24   27   29   32
    30    192   17   18   19   20   21   22   24   27   30   32
    31    192   17   18   19   20   21   22   24   29   30   31
    32    192   17   18   19   20   21   22   24   29   30   32
    33     48   17   18   19   20   21   22   25   26   27   28
    34    192   17   18   19   20   21   22   25   26   27   29
    35     32   17   18   19   20   21   22   25   26   29   32
    36    192   17   18   19   20   21   22   25   27   28   30
    37     48   17   18   19   20   21   22   25   27   29   30
    38     96   17   18   19   20   21   22   27   28   29   30
    39     96   17   18   19   20   21   22   27   28   29   31
    40     96   17   18   19   20   21   22   27   28   29   32
    41     48   17   18   19   20   21   22   27   29   30   31
    42    192   17   18   19   20   21   22   27   29   31   32
    43     24   17   18   19   21   22   24   25   26   27   28
    44     96   17   18   19   21   22   24   25   26   27   29
    45    192   17   18   19   21   22   24   25   26   27   30
    46    192   17   18   19   21   22   24   25   26   27   31
    47     96   17   18   19   21   22   24   25   26   27   32
    48     96   17   18   19   21   22   24   25   26   29   30
    49     96   17   18   19   21   22   24   25   26   30   31
    50     48   17   18   19   21   22   24   25   27   29   32
    51     96   17   18   19   21   22   24   25   27   30   31
    52    192   17   18   19   21   22   24   25   27   30   32
    53     96   17   18   19   21   22   24   25   28   29   30
    54     48   17   18   19   21   22   24   25   28   30   31
    55    192   17   18   19   21   22   24   25   29   30   32
    56     96   17   18   19   21   22   24   25   30   31   32
    57     16   17   18   19   21   22   24   29   30   31   32
    58     48   17   18   19   21   22   25   26   27   28   30
    59     48   17   18   19   21   22   25   27   30   31   32
    60     96   17   18   19   21   23   24   26   27   28   29
    61    192   17   18   19   21   23   24   26   27   28   30
    62     96   17   18   19   21   23   24   26   27   29   31
    63     96   17   18   19   21   23   24   26   27   30   31
    64     48   17   18   19   21   23   24   27   28   29   30
    65     48   17   18   19   21   23   24   28   29   30   32
