# SOD OUTSOD format version 2
           4           4  substitutions in           16 sites
                 1611  configurations
     1     12    1    2    3    4    5    6    7    8
     2     16    1    2    3    5    4    6    7    8
     3     48    1    2    3    6    4    5    7    8
     4     48    1    2    3    8    4    5    6    7
     5     12    1    2    7    8    3    4    5    6
     6      4    1    4    6    7    2    3    5    8
     7    384    1    2    3    4    5    6    7    9
     8    128    1    2    3    5    4    6    7    9
     9    768    1    2    3    6    4    5    7    9
    10    384    1    2    3    9    4    5    6    7
    11    384    1    2    4    6    3    5    7    9
    12    768    1    2    4    7    3    5    6    9
    13    768    1    2    4    9    3    5    6    7
    14    384    1    2    7    9    3    4    5    6
    15    128    1    4    6    7    2    3    5    9
    16    384    1    4    6    9    2    3    5    7
    17    384    2    3    4    5    1    6    7    9
    18    768    2    3    4    6    1    5    7    9
    19    384    2    3    4    9    1    5    6    7
    20    128    2    3    5    9    1    4    6    7
    21    384    2    3    6    7    1    4    5    9
    22    768    2    3    6    9    1    4    5    7
    23    384    2    4    6    7    1    3    5    9
    24    384    2    4    6    9    1    3    5    7
    25    768    2    4    7    9    1    3    5    6
    26    128    4    6    7    9    1    2    3    5
    27    192    1    2    3    4    5    6    9   10
    28    192    1    2    3    5    4    6    9   10
    29    192    1    2    3    6    4    5    9   10
    30    768    1    2    3    9    4    5    6   10
    31     96    1    2    9   10    3    4    5    6
    32    384    1    3    4    5    2    6    9   10
    33    384    1    3    4    6    2    5    9   10
    34    768    1    3    4    9    2    5    6   10
    35    384    1    3    5    9    2    4    6   10
    36    768    1    3    6    9    2    4    5   10
    37    384    1    3    9   10    2    4    5    6
    38    384    1    4    6    9    2    3    5   10
    39    384    1    4    9   10    2    3    5    6
    40     96    3    4    5    6    1    2    9   10
    41    768    3    4    5    9    1    2    6   10
    42    192    3    4    9   10    1    2    5    6
    43    192    3    5    9   10    1    2    4    6
    44    192    3    6    9   10    1    2    4    5
    45    192    1    2    3    4    5    6    9   11
    46    384    1    2    3    5    4    6    9   11
    47    384    1    2    3    6    4    5    9   11
    48    768    1    2    3    9    4    5    6   11
    49    192    1    2    5    6    3    4    9   11
    50    768    1    2    5    9    3    4    6   11
    51    192    1    2    9   11    3    4    5    6
    52    384    1    3    4    5    2    6    9   11
    53    384    1    3    4    6    2    5    9   11
    54    768    1    3    4    9    2    5    6   11
    55    384    1    3    5    6    2    4    9   11
    56    768    1    3    5    9    2    4    6   11
    57    768    1    3    6    9    2    4    5   11
    58    384    1    3    9   11    2    4    5    6
    59    384    1    4    5    6    2    3    9   11
    60    768    1    4    5    9    2    3    6   11
    61    768    1    4    6    9    2    3    5   11
    62    384    1    4    9   11    2    3    5    6
    63    768    1    5    6    9    2    3    4   11
    64    384    1    5    9   11    2    3    4    6
    65    384    1    6    9   11    2    3    4    5
    66    192    3    4    5    6    1    2    9   11
    67    768    3    4    5    9    1    2    6   11
    68    192    3    4    9   11    1    2    5    6
    69    768    3    5    6    9    1    2    4   11
    70    384    3    5    9   11    1    2    4    6
    71    384    3    6    9   11    1    2    4    5
    72    192    5    6    9   11    1    2    3    4
    73    192    1    2    3    4    5    6    9   12
    74    384    1    2    3    5    4    6    9   12
    75    384    1    2    3    6    4    5    9   12
    76    768    1    2    3    9    4    5    6   12
    77    192    1    2    5    6    3    4    9   12
    78    768    1    2    5    9    3    4    6   12
    79    192    1    2    9   12    3    4    5    6
    80    384    1    3    4    5    2    6    9   12
    81    384    1    3    4    6    2    5    9   12
    82    768    1    3    4    9    2    5    6   12
    83    384    1    3    5    6    2    4    9   12
    84    768    1    3    5    9    2    4    6   12
    85    768    1    3    6    9    2    4    5   12
    86    384    1    3    9   12    2    4    5    6
    87    384    1    4    5    6    2    3    9   12
    88    768    1    4    5    9    2    3    6   12
    89    768    1    4    6    9    2    3    5   12
    90    384    1    4    9   12    2    3    5    6
    91    768    1    5    6    9    2    3    4   12
    92    384    1    5    9   12    2    3    4    6
    93    384    1    6    9   12    2    3    4    5
    94    192    3    4    5    6    1    2    9   12
    95    768    3    4    5    9    1    2    6   12
    96    192    3    4    9   12    1    2    5    6
    97    768    3    5    6    9    1    2    4   12
    98    384    3    5    9   12    1    2    4    6
    99    384    3    6    9   12    1    2    4    5
   100    192    5    6    9   12    1    2    3    4
   101    192    1    2    3    4    5    6    9   15
   102    192    1    2    3    5    4    6    9   15
   103    192    1    2    3    6    4    5    9   15
   104    768    1    2    3    9    4    5    6   15
   105     96    1    2    9   15    3    4    5    6
   106    384    1    3    4    5    2    6    9   15
   107    384    1    3    4    6    2    5    9   15
   108    768    1    3    4    9    2    5    6   15
   109    384    1    3    5    9    2    4    6   15
   110    768    1    3    6    9    2    4    5   15
   111    384    1    3    9   15    2    4    5    6
   112    384    1    4    6    9    2    3    5   15
   113    384    1    4    9   15    2    3    5    6
   114     96    3    4    5    6    1    2    9   15
   115    768    3    4    5    9    1    2    6   15
   116    192    3    4    9   15    1    2    5    6
   117    192    3    5    9   15    1    2    4    6
   118    192    3    6    9   15    1    2    4    5
   119    192    1    2    3    4    5    6    9   16
   120    192    1    2    3    5    4    6    9   16
   121    192    1    2    3    6    4    5    9   16
   122    768    1    2    3    9    4    5    6   16
   123     96    1    2    9   16    3    4    5    6
   124    384    1    3    4    5    2    6    9   16
   125    384    1    3    4    6    2    5    9   16
   126    768    1    3    4    9    2    5    6   16
   127    384    1    3    5    9    2    4    6   16
   128    768    1    3    6    9    2    4    5   16
   129    384    1    3    9   16    2    4    5    6
   130    384    1    4    6    9    2    3    5   16
   131    384    1    4    9   16    2    3    5    6
   132     96    3    4    5    6    1    2    9   16
   133    768    3    4    5    9    1    2    6   16
   134    192    3    4    9   16    1    2    5    6
   135    192    3    5    9   16    1    2    4    6
   136    192    3    6    9   16    1    2    4    5
   137    192    1    2    3    4    5    8    9   10
   138    384    1    2    3    5    4    8    9   10
   139    384    1    2    3    8    4    5    9   10
   140    768    1    2    3    9    4    5    8   10
   141    384    1    2    4    5    3    8    9   10
   142    384    1    2    4    8    3    5    9   10
   143    768    1    2    4    9    3    5    8   10
   144    384    1    2    5    8    3    4    9   10
   145    768    1    2    5    9    3    4    8   10
   146    768    1    2    8    9    3    4    5   10
   147    384    1    2    9   10    3    4    5    8
   148    384    1    3    5    8    2    4    9   10
   149    768    1    3    5    9    2    4    8   10
   150    768    1    3    8    9    2    4    5   10
   151    384    1    3    9   10    2    4    5    8
   152    192    1    4    5    8    2    3    9   10
   153    768    1    4    5    9    2    3    8   10
   154    192    1    4    9   10    2    3    5    8
   155    768    1    5    8    9    2    3    4   10
   156    384    1    5    9   10    2    3    4    8
   157    384    1    8    9   10    2    3    4    5
   158    192    2    3    5    8    1    4    9   10
   159    768    2    3    5    9    1    4    8   10
   160    192    2    3    9   10    1    4    5    8
   161    768    2    5    8    9    1    3    4   10
   162    384    2    5    9   10    1    3    4    8
   163    384    2    8    9   10    1    3    4    5
   164    192    5    8    9   10    1    2    3    4
   165     96    1    2    3    4    5    8    9   12
   166    192    1    2    3    5    4    8    9   12
   167    192    1    2    3    8    4    5    9   12
   168    384    1    2    3    9    4    5    8   12
   169    384    1    2    4    5    3    8    9   12
   170    384    1    2    4    9    3    5    8   12
   171    384    1    2    5    8    3    4    9   12
   172    768    1    2    5    9    3    4    8   12
   173    768    1    2    8    9    3    4    5   12
   174    384    1    2    9   12    3    4    5    8
   175     96    1    4    5    8    2    3    9   12
   176    384    1    4    5    9    2    3    8   12
   177     96    1    4    9   12    2    3    5    8
   178    384    1    5    8    9    2    3    4   12
   179    192    1    5    9   12    2    3    4    8
   180    192    1    8    9   12    2    3    4    5
   181     96    2    3    5    8    1    4    9   12
   182    384    2    3    5    9    1    4    8   12
   183     96    2    3    9   12    1    4    5    8
   184    384    2    5    8    9    1    3    4   12
   185    384    2    5    9   12    1    3    4    8
   186     96    5    8    9   12    1    2    3    4
   187     96    1    2    3    4    5    8    9   13
   188    192    1    2    3    5    4    8    9   13
   189    192    1    2    3    8    4    5    9   13
   190    384    1    2    3    9    4    5    8   13
   191    384    1    2    4    5    3    8    9   13
   192    384    1    2    4    9    3    5    8   13
   193    384    1    2    5    8    3    4    9   13
   194    768    1    2    5    9    3    4    8   13
   195    768    1    2    8    9    3    4    5   13
   196    384    1    2    9   13    3    4    5    8
   197     96    1    4    5    8    2    3    9   13
   198    384    1    4    5    9    2    3    8   13
   199     96    1    4    9   13    2    3    5    8
   200    384    1    5    8    9    2    3    4   13
   201    192    1    5    9   13    2    3    4    8
   202    192    1    8    9   13    2    3    4    5
   203     96    2    3    5    8    1    4    9   13
   204    384    2    3    5    9    1    4    8   13
   205     96    2    3    9   13    1    4    5    8
   206    384    2    5    8    9    1    3    4   13
   207    384    2    5    9   13    1    3    4    8
   208     96    5    8    9   13    1    2    3    4
   209    192    1    2    3    4    5    8    9   14
   210    384    1    2    3    5    4    8    9   14
   211    384    1    2    3    8    4    5    9   14
   212    768    1    2    3    9    4    5    8   14
   213    384    1    2    4    5    3    8    9   14
   214    384    1    2    4    8    3    5    9   14
   215    768    1    2    4    9    3    5    8   14
   216    384    1    2    5    8    3    4    9   14
   217    768    1    2    5    9    3    4    8   14
   218    768    1    2    8    9    3    4    5   14
   219    384    1    2    9   14    3    4    5    8
   220    384    1    3    5    8    2    4    9   14
   221    768    1    3    5    9    2    4    8   14
   222    768    1    3    8    9    2    4    5   14
   223    384    1    3    9   14    2    4    5    8
   224    192    1    4    5    8    2    3    9   14
   225    768    1    4    5    9    2    3    8   14
   226    192    1    4    9   14    2    3    5    8
   227    768    1    5    8    9    2    3    4   14
   228    384    1    5    9   14    2    3    4    8
   229    384    1    8    9   14    2    3    4    5
   230    192    2    3    5    8    1    4    9   14
   231    768    2    3    5    9    1    4    8   14
   232    192    2    3    9   14    1    4    5    8
   233    768    2    5    8    9    1    3    4   14
   234    384    2    5    9   14    1    3    4    8
   235    384    2    8    9   14    1    3    4    5
   236    192    5    8    9   14    1    2    3    4
   237     96    1    2    3    4    5    8    9   16
   238    192    1    2    3    5    4    8    9   16
   239    192    1    2    3    8    4    5    9   16
   240    384    1    2    3    9    4    5    8   16
   241    384    1    2    4    5    3    8    9   16
   242    384    1    2    4    9    3    5    8   16
   243    384    1    2    5    8    3    4    9   16
   244    768    1    2    5    9    3    4    8   16
   245    768    1    2    8    9    3    4    5   16
   246    384    1    2    9   16    3    4    5    8
   247     96    1    4    5    8    2    3    9   16
   248    384    1    4    5    9    2    3    8   16
   249     96    1    4    9   16    2    3    5    8
   250    384    1    5    8    9    2    3    4   16
   251    192    1    5    9   16    2    3    4    8
   252    192    1    8    9   16    2    3    4    5
   253     96    2    3    5    8    1    4    9   16
   254    384    2    3    5    9    1    4    8   16
   255     96    2    3    9   16    1    4    5    8
   256    384    2    5    8    9    1    3    4   16
   257    384    2    5    9   16    1    3    4    8
   258     96    5    8    9   16    1    2    3    4
   259    384    1    2    3    4    5    9   10   11
   260    384    1    2    3    5    4    9   10   11
   261    384    1    2    3    9    4    5   10   11
   262    768    1    2    3   10    4    5    9   11
   263    768    1    2    4    5    3    9   10   11
   264    768    1    2    4    9    3    5   10   11
   265    768    1    2    4   10    3    5    9   11
   266    768    1    2    4   11    3    5    9   10
   267    768    1    2    5    9    3    4   10   11
   268    768    1    2    5   10    3    4    9   11
   269    768    1    2    5   11    3    4    9   10
   270    768    1    2    9   10    3    4    5   11
   271    768    1    2    9   11    3    4    5   10
   272    768    1    2   10   11    3    4    5    9
   273    384    1    4    5    9    2    3   10   11
   274    768    1    4    5   10    2    3    9   11
   275    768    1    4    9   10    2    3    5   11
   276    384    1    4   10   11    2    3    5    9
   277    768    1    5    9   10    2    3    4   11
   278    384    1    5   10   11    2    3    4    9
   279    384    1    9   10   11    2    3    4    5
   280    384    2    3    4    5    1    9   10   11
   281    384    2    3    4    9    1    5   10   11
   282    768    2    3    4   10    1    5    9   11
   283    384    2    3    5    9    1    4   10   11
   284    768    2    3    5   10    1    4    9   11
   285    768    2    3    9   10    1    4    5   11
   286    384    2    3   10   11    1    4    5    9
   287    768    2    4    5    9    1    3   10   11
   288    768    2    4    5   10    1    3    9   11
   289    768    2    4    5   11    1    3    9   10
   290    768    2    4    9   10    1    3    5   11
   291    768    2    4    9   11    1    3    5   10
   292    768    2    4   10   11    1    3    5    9
   293    768    2    5    9   10    1    3    4   11
   294    768    2    5    9   11    1    3    4   10
   295    768    2    5   10   11    1    3    4    9
   296    768    2    9   10   11    1    3    4    5
   297    768    4    5    9   10    1    2    3   11
   298    384    4    5   10   11    1    2    3    9
   299    384    4    9   10   11    1    2    3    5
   300    384    5    9   10   11    1    2    3    4
   301    768    1    2    3    4    5    9   10   13
   302    768    1    2    3    5    4    9   10   13
   303    768    1    2    3    9    4    5   10   13
   304    768    1    2    3   10    4    5    9   13
   305    768    1    2    3   13    4    5    9   10
   306    768    1    2    4    5    3    9   10   13
   307    768    1    2    4    9    3    5   10   13
   308    768    1    2    4   10    3    5    9   13
   309    768    1    2    4   13    3    5    9   10
   310    768    1    2    5    9    3    4   10   13
   311    768    1    2    5   10    3    4    9   13
   312    768    1    2    5   13    3    4    9   10
   313    768    1    2    9   10    3    4    5   13
   314    768    1    2    9   13    3    4    5   10
   315    768    1    2   10   13    3    4    5    9
   316    768    1    3    4    5    2    9   10   13
   317    768    1    3    4    9    2    5   10   13
   318    768    1    3    4   10    2    5    9   13
   319    768    1    3    4   13    2    5    9   10
   320    768    1    3    5    9    2    4   10   13
   321    768    1    3    5   10    2    4    9   13
   322    768    1    3    5   13    2    4    9   10
   323    768    1    3    9   10    2    4    5   13
   324    768    1    3    9   13    2    4    5   10
   325    768    1    3   10   13    2    4    5    9
   326    768    1    4    5    9    2    3   10   13
   327    768    1    4    5   10    2    3    9   13
   328    768    1    4    5   13    2    3    9   10
   329    768    1    4    9   10    2    3    5   13
   330    768    1    4    9   13    2    3    5   10
   331    768    1    4   10   13    2    3    5    9
   332    768    1    5    9   10    2    3    4   13
   333    768    1    5    9   13    2    3    4   10
   334    768    1    5   10   13    2    3    4    9
   335    768    1    9   10   13    2    3    4    5
   336    768    2    3    4    5    1    9   10   13
   337    768    2    3    4    9    1    5   10   13
   338    768    2    3    4   10    1    5    9   13
   339    768    2    3    4   13    1    5    9   10
   340    768    2    3    5    9    1    4   10   13
   341    768    2    3    5   10    1    4    9   13
   342    768    2    3    5   13    1    4    9   10
   343    768    2    3    9   10    1    4    5   13
   344    768    2    3    9   13    1    4    5   10
   345    768    2    3   10   13    1    4    5    9
   346    768    2    4    5    9    1    3   10   13
   347    768    2    4    5   10    1    3    9   13
   348    768    2    4    5   13    1    3    9   10
   349    768    2    4    9   10    1    3    5   13
   350    768    2    4    9   13    1    3    5   10
   351    768    2    4   10   13    1    3    5    9
   352    768    2    5    9   10    1    3    4   13
   353    768    2    5    9   13    1    3    4   10
   354    768    2    5   10   13    1    3    4    9
   355    768    2    9   10   13    1    3    4    5
   356    768    3    4    5    9    1    2   10   13
   357    768    3    4    5   10    1    2    9   13
   358    768    3    4    5   13    1    2    9   10
   359    768    3    4    9   10    1    2    5   13
   360    768    3    4    9   13    1    2    5   10
   361    768    3    4   10   13    1    2    5    9
   362    768    3    5    9   10    1    2    4   13
   363    768    3    5    9   13    1    2    4   10
   364    768    3    5   10   13    1    2    4    9
   365    768    3    9   10   13    1    2    4    5
   366    768    4    5    9   10    1    2    3   13
   367    768    4    5    9   13    1    2    3   10
   368    768    4    5   10   13    1    2    3    9
   369    768    4    9   10   13    1    2    3    5
   370    768    5    9   10   13    1    2    3    4
   371    768    1    2    3    4    5    9   10   15
   372    768    1    2    3    5    4    9   10   15
   373    768    1    2    3    9    4    5   10   15
   374    768    1    2    3   10    4    5    9   15
   375    768    1    2    3   15    4    5    9   10
   376    768    1    2    4    5    3    9   10   15
   377    768    1    2    4    9    3    5   10   15
   378    768    1    2    4   10    3    5    9   15
   379    768    1    2    4   15    3    5    9   10
   380    768    1    2    5    9    3    4   10   15
   381    768    1    2    5   10    3    4    9   15
   382    768    1    2    5   15    3    4    9   10
   383    768    1    2    9   10    3    4    5   15
   384    768    1    2    9   15    3    4    5   10
   385    768    1    2   10   15    3    4    5    9
   386    768    1    3    4    5    2    9   10   15
   387    768    1    3    4    9    2    5   10   15
   388    768    1    3    4   10    2    5    9   15
   389    768    1    3    4   15    2    5    9   10
   390    768    1    3    5    9    2    4   10   15
   391    768    1    3    5   10    2    4    9   15
   392    768    1    3    5   15    2    4    9   10
   393    768    1    3    9   10    2    4    5   15
   394    768    1    3    9   15    2    4    5   10
   395    768    1    3   10   15    2    4    5    9
   396    768    1    4    5    9    2    3   10   15
   397    768    1    4    5   10    2    3    9   15
   398    768    1    4    5   15    2    3    9   10
   399    768    1    4    9   10    2    3    5   15
   400    768    1    4    9   15    2    3    5   10
   401    768    1    4   10   15    2    3    5    9
   402    768    1    5    9   10    2    3    4   15
   403    768    1    5    9   15    2    3    4   10
   404    768    1    5   10   15    2    3    4    9
   405    768    1    9   10   15    2    3    4    5
   406    768    2    3    4    5    1    9   10   15
   407    768    2    3    4    9    1    5   10   15
   408    768    2    3    4   10    1    5    9   15
   409    768    2    3    4   15    1    5    9   10
   410    768    2    3    5    9    1    4   10   15
   411    768    2    3    5   10    1    4    9   15
   412    768    2    3    5   15    1    4    9   10
   413    768    2    3    9   10    1    4    5   15
   414    768    2    3    9   15    1    4    5   10
   415    768    2    3   10   15    1    4    5    9
   416    768    2    4    5    9    1    3   10   15
   417    768    2    4    5   10    1    3    9   15
   418    768    2    4    5   15    1    3    9   10
   419    768    2    4    9   10    1    3    5   15
   420    768    2    4    9   15    1    3    5   10
   421    768    2    4   10   15    1    3    5    9
   422    768    2    5    9   10    1    3    4   15
   423    768    2    5    9   15    1    3    4   10
   424    768    2    5   10   15    1    3    4    9
   425    768    2    9   10   15    1    3    4    5
   426    768    3    4    5    9    1    2   10   15
   427    768    3    4    5   10    1    2    9   15
   428    768    3    4    5   15    1    2    9   10
   429    768    3    4    9   10    1    2    5   15
   430    768    3    4    9   15    1    2    5   10
   431    768    3    4   10   15    1    2    5    9
   432    768    3    5    9   10    1    2    4   15
   433    768    3    5    9   15    1    2    4   10
   434    768    3    5   10   15    1    2    4    9
   435    768    3    9   10   15    1    2    4    5
   436    768    4    5    9   10    1    2    3   15
   437    768    4    5    9   15    1    2    3   10
   438    768    4    5   10   15    1    2    3    9
   439    768    4    9   10   15    1    2    3    5
   440    768    5    9   10   15    1    2    3    4
   441    384    1    2    3    4    5    9   12   13
   442    384    1    2    3    5    4    9   12   13
   443    384    1    2    3    9    4    5   12   13
   444    384    1    2    3   12    4    5    9   13
   445    384    1    2    3   13    4    5    9   12
   446    768    1    2    4    5    3    9   12   13
   447    768    1    2    4    9    3    5   12   13
   448    768    1    2    4   12    3    5    9   13
   449    768    1    2    4   13    3    5    9   12
   450    768    1    2    5    9    3    4   12   13
   451    768    1    2    5   12    3    4    9   13
   452    768    1    2    5   13    3    4    9   12
   453    768    1    2    9   12    3    4    5   13
   454    768    1    2    9   13    3    4    5   12
   455    768    1    2   12   13    3    4    5    9
   456    384    1    4    5    9    2    3   12   13
   457    384    1    4    5   12    2    3    9   13
   458    384    1    4    5   13    2    3    9   12
   459    384    1    4    9   12    2    3    5   13
   460    384    1    4    9   13    2    3    5   12
   461    384    1    4   12   13    2    3    5    9
   462    384    1    5    9   12    2    3    4   13
   463    384    1    5    9   13    2    3    4   12
   464    384    1    5   12   13    2    3    4    9
   465    384    1    9   12   13    2    3    4    5
   466    384    2    3    4    5    1    9   12   13
   467    384    2    3    4    9    1    5   12   13
   468    384    2    3    4   12    1    5    9   13
   469    384    2    3    4   13    1    5    9   12
   470    384    2    3    5    9    1    4   12   13
   471    384    2    3    5   12    1    4    9   13
   472    384    2    3    5   13    1    4    9   12
   473    384    2    3    9   12    1    4    5   13
   474    384    2    3    9   13    1    4    5   12
   475    384    2    3   12   13    1    4    5    9
   476    768    2    4    5    9    1    3   12   13
   477    768    2    4    5   12    1    3    9   13
   478    768    2    4    5   13    1    3    9   12
   479    768    2    4    9   12    1    3    5   13
   480    768    2    4    9   13    1    3    5   12
   481    768    2    4   12   13    1    3    5    9
   482    768    2    5    9   12    1    3    4   13
   483    768    2    5    9   13    1    3    4   12
   484    768    2    5   12   13    1    3    4    9
   485    768    2    9   12   13    1    3    4    5
   486    384    4    5    9   12    1    2    3   13
   487    384    4    5    9   13    1    2    3   12
   488    384    4    5   12   13    1    2    3    9
   489    384    4    9   12   13    1    2    3    5
   490    384    5    9   12   13    1    2    3    4
   491    384    1    2    3    4    5    9   12   14
   492    384    1    2    3    5    4    9   12   14
   493    768    1    2    3    9    4    5   12   14
   494    384    1    2    3   14    4    5    9   12
   495    768    1    2    4    5    3    9   12   14
   496    768    1    2    4    9    3    5   12   14
   497    768    1    2    4   12    3    5    9   14
   498    768    1    2    4   14    3    5    9   12
   499    768    1    2    5    9    3    4   12   14
   500    768    1    2    5   12    3    4    9   14
   501    768    1    2    5   14    3    4    9   12
   502    768    1    2    9   12    3    4    5   14
   503    768    1    2    9   14    3    4    5   12
   504    768    1    2   12   14    3    4    5    9
   505    768    1    4    5    9    2    3   12   14
   506    384    1    4    5   14    2    3    9   12
   507    384    1    4    9   12    2    3    5   14
   508    768    1    4    9   14    2    3    5   12
   509    384    1    5    9   12    2    3    4   14
   510    768    1    5    9   14    2    3    4   12
   511    384    1    9   12   14    2    3    4    5
   512    384    2    3    4    5    1    9   12   14
   513    768    2    3    4    9    1    5   12   14
   514    384    2    3    4   14    1    5    9   12
   515    768    2    3    5    9    1    4   12   14
   516    384    2    3    5   14    1    4    9   12
   517    384    2    3    9   12    1    4    5   14
   518    768    2    3    9   14    1    4    5   12
   519    768    2    4    5    9    1    3   12   14
   520    768    2    4    5   12    1    3    9   14
   521    768    2    4    5   14    1    3    9   12
   522    768    2    4    9   12    1    3    5   14
   523    768    2    4    9   14    1    3    5   12
   524    768    2    4   12   14    1    3    5    9
   525    768    2    5    9   12    1    3    4   14
   526    768    2    5    9   14    1    3    4   12
   527    768    2    5   12   14    1    3    4    9
   528    768    2    9   12   14    1    3    4    5
   529    384    4    5    9   12    1    2    3   14
   530    768    4    5    9   14    1    2    3   12
   531    384    4    9   12   14    1    2    3    5
   532    384    5    9   12   14    1    2    3    4
   533     24    1    2    3    4    9   10   11   12
   534    384    1    2    3    9    4   10   11   12
   535     96    1    2    9   10    3    4   11   12
   536     96    1    2    9   11    3    4   10   12
   537    192    1    2    9   12    3    4   10   11
   538     48    1    4    9   12    2    3   10   11
   539     96    1    2    3    4    9   10   11   13
   540    384    1    2    3    9    4   10   11   13
   541    768    1    2    3   10    4    9   11   13
   542    384    1    2    3   13    4    9   10   11
   543    384    1    2    9   10    3    4   11   13
   544    384    1    2    9   11    3    4   10   13
   545    384    1    2    9   13    3    4   10   11
   546    384    1    2   10   11    3    4    9   13
   547    384    1    2   10   13    3    4    9   11
   548    384    1    2   11   13    3    4    9   10
   549    384    1    4    9   10    2    3   11   13
   550    192    1    4    9   13    2    3   10   11
   551    192    1    4   10   11    2    3    9   13
   552    384    1    4   10   13    2    3    9   11
   553    384    1    9   10   11    2    3    4   13
   554    768    1    9   10   13    2    3    4   11
   555    384    1   10   11   13    2    3    4    9
   556     96    9   10   11   13    1    2    3    4
   557    192    1    2    3    4    9   10   11   14
   558    768    1    2    3    9    4   10   11   14
   559    768    1    2    3   10    4    9   11   14
   560    768    1    2    3   11    4    9   10   14
   561    768    1    2    3   14    4    9   10   11
   562    384    1    2    9   10    3    4   11   14
   563    384    1    2    9   11    3    4   10   14
   564    384    1    2    9   14    3    4   10   11
   565    384    1    2   10   11    3    4    9   14
   566    384    1    2   10   14    3    4    9   11
   567    384    1    2   11   14    3    4    9   10
   568    384    1    3    9   10    2    4   11   14
   569    384    1    3    9   11    2    4   10   14
   570    384    1    3    9   14    2    4   10   11
   571    384    1    3   10   11    2    4    9   14
   572    384    1    3   10   14    2    4    9   11
   573    384    1    3   11   14    2    4    9   10
   574    384    1    4    9   10    2    3   11   14
   575    384    1    4    9   11    2    3   10   14
   576    384    1    4    9   14    2    3   10   11
   577    384    1    4   10   11    2    3    9   14
   578    384    1    4   10   14    2    3    9   11
   579    384    1    4   11   14    2    3    9   10
   580    768    1    9   10   11    2    3    4   14
   581    768    1    9   10   14    2    3    4   11
   582    768    1    9   11   14    2    3    4   10
   583    768    1   10   11   14    2    3    4    9
   584    192    9   10   11   14    1    2    3    4
   585     96    1    2    3    4    9   10   11   16
   586    384    1    2    3    9    4   10   11   16
   587    768    1    2    3   10    4    9   11   16
   588    384    1    2    3   16    4    9   10   11
   589    384    1    2    9   10    3    4   11   16
   590    384    1    2    9   11    3    4   10   16
   591    384    1    2    9   16    3    4   10   11
   592    384    1    2   10   11    3    4    9   16
   593    384    1    2   10   16    3    4    9   11
   594    384    1    2   11   16    3    4    9   10
   595    384    1    4    9   10    2    3   11   16
   596    192    1    4    9   16    2    3   10   11
   597    192    1    4   10   11    2    3    9   16
   598    384    1    4   10   16    2    3    9   11
   599    384    1    9   10   11    2    3    4   16
   600    768    1    9   10   16    2    3    4   11
   601    384    1   10   11   16    2    3    4    9
   602     96    9   10   11   16    1    2    3    4
   603     48    1    2    3    4    9   10   13   14
   604    768    1    2    3    9    4   10   13   14
   605     96    1    2    9   10    3    4   13   14
   606    192    1    2    9   13    3    4   10   14
   607    192    1    2    9   14    3    4   10   13
   608     96    1    3    9   13    2    4   10   14
   609    192    1    3    9   14    2    4   10   13
   610     96    1    4    9   14    2    3   10   13
   611     96    1    2    3    4    9   10   13   15
   612    768    1    2    3    9    4   10   13   15
   613    768    1    2    3   10    4    9   13   15
   614    384    1    2    9   10    3    4   13   15
   615    384    1    2    9   13    3    4   10   15
   616    384    1    2    9   15    3    4   10   13
   617    384    1    2   10   13    3    4    9   15
   618    384    1    2   10   15    3    4    9   13
   619    384    1    2   13   15    3    4    9   10
   620    384    1    4    9   10    2    3   13   15
   621    192    1    4    9   13    2    3   10   15
   622    384    1    4    9   15    2    3   10   13
   623    192    1    4   10   15    2    3    9   13
   624    768    1    9   10   13    2    3    4   15
   625    768    1    9   10   15    2    3    4   13
   626     96    9   10   13   15    1    2    3    4
   627    192    1    2    3    4    9   10   13   16
   628    768    1    2    3    9    4   10   13   16
   629    768    1    2    3   10    4    9   13   16
   630    768    1    2    3   13    4    9   10   16
   631    768    1    2    3   16    4    9   10   13
   632    384    1    2    9   10    3    4   13   16
   633    384    1    2    9   13    3    4   10   16
   634    384    1    2    9   16    3    4   10   13
   635    384    1    2   10   13    3    4    9   16
   636    384    1    2   10   16    3    4    9   13
   637    384    1    2   13   16    3    4    9   10
   638    384    1    3    9   10    2    4   13   16
   639    384    1    3    9   13    2    4   10   16
   640    384    1    3    9   16    2    4   10   13
   641    384    1    3   10   13    2    4    9   16
   642    384    1    3   10   16    2    4    9   13
   643    384    1    3   13   16    2    4    9   10
   644    384    1    4    9   10    2    3   13   16
   645    384    1    4    9   13    2    3   10   16
   646    384    1    4    9   16    2    3   10   13
   647    384    1    4   10   13    2    3    9   16
   648    384    1    4   10   16    2    3    9   13
   649    384    1    4   13   16    2    3    9   10
   650    768    1    9   10   13    2    3    4   16
   651    768    1    9   10   16    2    3    4   13
   652    768    1    9   13   16    2    3    4   10
   653    768    1   10   13   16    2    3    4    9
   654    192    9   10   13   16    1    2    3    4
   655     48    1    2    3    4    9   10   15   16
   656    768    1    2    3    9    4   10   15   16
   657    192    1    2    9   10    3    4   15   16
   658    192    1    2    9   15    3    4   10   16
   659    192    1    2    9   16    3    4   10   15
   660    192    1    3    9   10    2    4   15   16
   661    192    1    3    9   15    2    4   10   16
   662    192    1    3    9   16    2    4   10   15
   663    192    1    4    9   10    2    3   15   16
   664    192    1    4    9   15    2    3   10   16
   665    192    1    4    9   16    2    3   10   15
   666    768    1    9   10   15    2    3    4   16
   667     48    9   10   15   16    1    2    3    4
   668     24    1    2    3    4    9   12   13   16
   669    384    1    2    3    9    4   12   13   16
   670    192    1    2    9   12    3    4   13   16
   671    192    1    2    9   13    3    4   12   16
   672    192    1    2    9   16    3    4   12   13
   673     96    1    4    9   12    2    3   13   16
   674     96    1    4    9   13    2    3   12   16
   675     96    1    4    9   16    2    3   12   13
   676    384    1    9   12   13    2    3    4   16
   677     24    9   12   13   16    1    2    3    4
   678     24    1    2    3    4    9   12   14   15
   679    384    1    2    3    9    4   12   14   15
   680    192    1    2    9   12    3    4   14   15
   681    192    1    2    9   14    3    4   12   15
   682    192    1    2    9   15    3    4   12   14
   683     96    1    4    9   12    2    3   14   15
   684    192    1    4    9   14    2    3   12   15
   685    384    1    9   12   14    2    3    4   15
   686     24    9   12   14   15    1    2    3    4
   687    384    1    2    3    5    8    9   10   11
   688    384    1    2    3    8    5    9   10   11
   689    384    1    2    3    9    5    8   10   11
   690    768    1    2    3   10    5    8    9   11
   691    768    1    2    5    8    3    9   10   11
   692    768    1    2    5    9    3    8   10   11
   693    768    1    2    5   10    3    8    9   11
   694    768    1    2    5   11    3    8    9   10
   695    768    1    2    8    9    3    5   10   11
   696    768    1    2    8   10    3    5    9   11
   697    768    1    2    8   11    3    5    9   10
   698    768    1    2    9   10    3    5    8   11
   699    768    1    2    9   11    3    5    8   10
   700    768    1    2   10   11    3    5    8    9
   701    384    1    5    8    9    2    3   10   11
   702    768    1    5    8   10    2    3    9   11
   703    768    1    5    9   10    2    3    8   11
   704    384    1    5   10   11    2    3    8    9
   705    768    1    8    9   10    2    3    5   11
   706    384    1    8   10   11    2    3    5    9
   707    384    1    9   10   11    2    3    5    8
   708    384    2    3    5    8    1    9   10   11
   709    384    2    3    5    9    1    8   10   11
   710    768    2    3    5   10    1    8    9   11
   711    384    2    3    8    9    1    5   10   11
   712    768    2    3    8   10    1    5    9   11
   713    768    2    3    9   10    1    5    8   11
   714    384    2    3   10   11    1    5    8    9
   715    768    2    5    8    9    1    3   10   11
   716    768    2    5    8   10    1    3    9   11
   717    768    2    5    8   11    1    3    9   10
   718    768    2    5    9   10    1    3    8   11
   719    768    2    5    9   11    1    3    8   10
   720    768    2    5   10   11    1    3    8    9
   721    768    2    8    9   10    1    3    5   11
   722    768    2    8    9   11    1    3    5   10
   723    768    2    8   10   11    1    3    5    9
   724    768    2    9   10   11    1    3    5    8
   725    768    5    8    9   10    1    2    3   11
   726    384    5    8   10   11    1    2    3    9
   727    384    5    9   10   11    1    2    3    8
   728    384    8    9   10   11    1    2    3    5
   729    384    1    2    3    5    8    9   10   15
   730    768    1    2    3    8    5    9   10   15
   731    768    1    2    3    9    5    8   10   15
   732    768    1    2    3   10    5    8    9   15
   733    768    1    2    3   15    5    8    9   10
   734    384    1    2    8    9    3    5   10   15
   735    384    1    2    8   10    3    5    9   15
   736    384    1    2    8   15    3    5    9   10
   737    384    1    2    9   10    3    5    8   15
   738    384    1    2    9   15    3    5    8   10
   739    384    1    2   10   15    3    5    8    9
   740    384    1    3    5    8    2    9   10   15
   741    384    1    3    5    9    2    8   10   15
   742    384    1    3    5   10    2    8    9   15
   743    384    1    3    5   15    2    8    9   10
   744    768    1    3    8    9    2    5   10   15
   745    768    1    3    8   10    2    5    9   15
   746    768    1    3    8   15    2    5    9   10
   747    768    1    3    9   10    2    5    8   15
   748    768    1    3    9   15    2    5    8   10
   749    768    1    3   10   15    2    5    8    9
   750    384    1    8    9   10    2    3    5   15
   751    384    1    8    9   15    2    3    5   10
   752    384    1    8   10   15    2    3    5    9
   753    384    1    9   10   15    2    3    5    8
   754    384    2    3    5    8    1    9   10   15
   755    384    2    3    5    9    1    8   10   15
   756    384    2    3    5   10    1    8    9   15
   757    384    2    3    5   15    1    8    9   10
   758    768    2    3    8    9    1    5   10   15
   759    768    2    3    8   10    1    5    9   15
   760    768    2    3    8   15    1    5    9   10
   761    768    2    3    9   10    1    5    8   15
   762    768    2    3    9   15    1    5    8   10
   763    768    2    3   10   15    1    5    8    9
   764    384    2    8    9   10    1    3    5   15
   765    384    2    8    9   15    1    3    5   10
   766    384    2    8   10   15    1    3    5    9
   767    384    2    9   10   15    1    3    5    8
   768    384    3    5    8    9    1    2   10   15
   769    384    3    5    8   10    1    2    9   15
   770    384    3    5    8   15    1    2    9   10
   771    384    3    5    9   10    1    2    8   15
   772    384    3    5    9   15    1    2    8   10
   773    384    3    5   10   15    1    2    8    9
   774    768    3    8    9   10    1    2    5   15
   775    768    3    8    9   15    1    2    5   10
   776    768    3    8   10   15    1    2    5    9
   777    768    3    9   10   15    1    2    5    8
   778    384    8    9   10   15    1    2    3    5
   779    128    1    2    3    5    8    9   12   14
   780    384    1    2    3    8    5    9   12   14
   781    768    1    2    3    9    5    8   12   14
   782    384    1    2    3   14    5    8    9   12
   783    384    1    2    8    9    3    5   12   14
   784    768    1    2    8   12    3    5    9   14
   785    768    1    2    9   12    3    5    8   14
   786    384    1    2   12   14    3    5    8    9
   787    384    1    8    9   12    2    3    5   14
   788    128    1    9   12   14    2    3    5    8
   789    128    2    3    5    8    1    9   12   14
   790    384    2    3    5    9    1    8   12   14
   791    768    2    3    8    9    1    5   12   14
   792    384    2    3    8   14    1    5    9   12
   793    384    2    3    9   12    1    5    8   14
   794    768    2    3    9   14    1    5    8   12
   795    768    2    8    9   12    1    3    5   14
   796    384    2    8   12   14    1    3    5    9
   797    384    2    9   12   14    1    3    5    8
   798    128    8    9   12   14    1    2    3    5
   799    128    1    2    3    5    9   10   11   13
   800    384    1    2    3    9    5   10   11   13
   801    768    1    2    3   10    5    9   11   13
   802    384    1    2    3   13    5    9   10   11
   803    192    1    2    9   10    3    5   11   13
   804    384    1    2    9   11    3    5   10   13
   805    768    1    2   10   11    3    5    9   13
   806    384    1    2   11   13    3    5    9   10
   807    128    1   10   11   13    2    3    5    9
   808    384    2    3    5   10    1    9   11   13
   809    192    2    3   10   11    1    5    9   13
   810    384    2    3   10   13    1    5    9   11
   811    384    1    2    3    5    9   10   11   14
   812    768    1    2    3    9    5   10   11   14
   813    768    1    2    3   10    5    9   11   14
   814    768    1    2    3   11    5    9   10   14
   815    768    1    2    3   14    5    9   10   11
   816    384    1    2    9   10    3    5   11   14
   817    768    1    2    9   11    3    5   10   14
   818    768    1    2    9   14    3    5   10   11
   819    384    1    2   11   14    3    5    9   10
   820    768    1    3    5    9    2   10   11   14
   821    768    1    3    5   11    2    9   10   14
   822    768    1    3    9   10    2    5   11   14
   823    768    1    3    9   11    2    5   10   14
   824    768    1    3    9   14    2    5   10   11
   825    768    1    3   10   11    2    5    9   14
   826    768    1    3   10   14    2    5    9   11
   827    768    1    3   11   14    2    5    9   10
   828    768    1    9   10   11    2    3    5   14
   829    768    1    9   11   14    2    3    5   10
   830    768    2    3    5    9    1   10   11   14
   831    768    2    3    5   11    1    9   10   14
   832    768    2    3    9   10    1    5   11   14
   833    768    2    3    9   11    1    5   10   14
   834    768    2    3    9   14    1    5   10   11
   835    768    2    3   10   11    1    5    9   14
   836    768    2    3   10   14    1    5    9   11
   837    768    2    3   11   14    1    5    9   10
   838    768    2    9   10   11    1    3    5   14
   839    768    2    9   11   14    1    3    5   10
   840    384    3    5    9   10    1    2   11   14
   841    768    3    5    9   11    1    2   10   14
   842    768    3    5    9   14    1    2   10   11
   843    384    3    5   11   14    1    2    9   10
   844    768    3    9   10   11    1    2    5   14
   845    768    3    9   10   14    1    2    5   11
   846    768    3    9   11   14    1    2    5   10
   847    768    3   10   11   14    1    2    5    9
   848    384    9   10   11   14    1    2    3    5
   849    384    1    2    3    5    9   10   11   16
   850    384    1    2    3    9    5   10   11   16
   851    768    1    2    3   10    5    9   11   16
   852    384    1    2    3   16    5    9   10   11
   853    768    1    2    5    9    3   10   11   16
   854    768    1    2    5   10    3    9   11   16
   855    768    1    2    5   11    3    9   10   16
   856    768    1    2    5   16    3    9   10   11
   857    768    1    2    9   10    3    5   11   16
   858    768    1    2    9   11    3    5   10   16
   859    768    1    2    9   16    3    5   10   11
   860    768    1    2   10   11    3    5    9   16
   861    768    1    2   10   16    3    5    9   11
   862    768    1    2   11   16    3    5    9   10
   863    768    1    5    9   10    2    3   11   16
   864    384    1    5    9   16    2    3   10   11
   865    384    1    5   10   11    2    3    9   16
   866    768    1    5   10   16    2    3    9   11
   867    384    1    9   10   11    2    3    5   16
   868    768    1    9   10   16    2    3    5   11
   869    384    1   10   11   16    2    3    5    9
   870    384    2    3    5    9    1   10   11   16
   871    768    2    3    5   10    1    9   11   16
   872    384    2    3    5   16    1    9   10   11
   873    768    2    3    9   10    1    5   11   16
   874    384    2    3    9   16    1    5   10   11
   875    384    2    3   10   11    1    5    9   16
   876    768    2    3   10   16    1    5    9   11
   877    768    2    5    9   10    1    3   11   16
   878    768    2    5    9   11    1    3   10   16
   879    768    2    5    9   16    1    3   10   11
   880    768    2    5   10   11    1    3    9   16
   881    768    2    5   10   16    1    3    9   11
   882    768    2    5   11   16    1    3    9   10
   883    768    2    9   10   11    1    3    5   16
   884    768    2    9   10   16    1    3    5   11
   885    768    2    9   11   16    1    3    5   10
   886    768    2   10   11   16    1    3    5    9
   887    384    5    9   10   11    1    2    3   16
   888    768    5    9   10   16    1    2    3   11
   889    384    5   10   11   16    1    2    3    9
   890    384    9   10   11   16    1    2    3    5
   891     96    1    2    3    5    9   10   15   16
   892    768    1    2    3    9    5   10   15   16
   893    192    1    2    9   10    3    5   15   16
   894    192    1    2    9   15    3    5   10   16
   895    192    1    2    9   16    3    5   10   15
   896    384    1    3    5    9    2   10   15   16
   897    384    1    3    9   10    2    5   15   16
   898    384    1    3    9   15    2    5   10   16
   899    384    1    3    9   16    2    5   10   15
   900    384    1    9   10   15    2    3    5   16
   901    384    2    3    5    9    1   10   15   16
   902    384    2    3    9   10    1    5   15   16
   903    384    2    3    9   15    1    5   10   16
   904    384    2    3    9   16    1    5   10   15
   905    384    2    9   10   15    1    3    5   16
   906    192    3    5    9   10    1    2   15   16
   907    192    3    5    9   15    1    2   10   16
   908    192    3    5    9   16    1    2   10   15
   909    768    3    9   10   15    1    2    5   16
   910     96    9   10   15   16    1    2    3    5
   911     32    1    2    3    5    9   12   14   15
   912    384    1    2    3    9    5   12   14   15
   913    384    1    2    9   12    3    5   14   15
   914    192    1    2    9   15    3    5   12   14
   915    128    1    9   12   14    2    3    5   15
   916    128    2    3    5    9    1   12   14   15
   917    192    2    3    9   12    1    5   14   15
   918    384    2    3    9   14    1    5   12   15
   919    384    2    9   12   14    1    3    5   15
   920     32    9   12   14   15    1    2    3    5
   921    192    1    2    3    6    7    8    9   10
   922    384    1    2    3    7    6    8    9   10
   923    384    1    2    3    8    6    7    9   10
   924    768    1    2    3    9    6    7    8   10
   925     96    1    2    7    8    3    6    9   10
   926    768    1    2    7    9    3    6    8   10
   927    192    1    2    9   10    3    6    7    8
   928    192    1    3    6    7    2    8    9   10
   929    192    1    3    6    8    2    7    9   10
   930    768    1    3    6    9    2    7    8   10
   931    384    1    3    7    9    2    6    8   10
   932    768    1    3    8    9    2    6    7   10
   933    384    1    3    9   10    2    6    7    8
   934    384    1    6    7    9    2    3    8   10
   935    384    1    6    9   10    2    3    7    8
   936    192    1    7    9   10    2    3    6    8
   937    192    1    8    9   10    2    3    6    7
   938     96    3    6    9   10    1    2    7    8
   939    384    1    2    3    6    7    8    9   12
   940    192    1    2    3    8    6    7    9   12
   941    384    1    2    3    9    6    7    8   12
   942    384    1    2    6    7    3    8    9   12
   943    192    1    2    6    8    3    7    9   12
   944    768    1    2    6    9    3    7    8   12
   945    192    1    2    7    8    3    6    9   12
   946    768    1    2    7    9    3    6    8   12
   947    768    1    2    8    9    3    6    7   12
   948    384    1    2    9   12    3    6    7    8
   949    384    1    6    7    9    2    3    8   12
   950    384    1    6    9   12    2    3    7    8
   951     96    1    8    9   12    2    3    6    7
   952     96    2    3    6    7    1    8    9   12
   953    768    2    3    6    9    1    7    8   12
   954    192    2    3    9   12    1    6    7    8
   955    192    2    6    9   12    1    3    7    8
   956    192    2    7    9   12    1    3    6    8
   957    192    1    2    3    6    7    8    9   16
   958    192    1    2    3    8    6    7    9   16
   959    384    1    2    3    9    6    7    8   16
   960     96    1    2    7    8    3    6    9   16
   961    768    1    2    7    9    3    6    8   16
   962    192    1    2    9   16    3    6    7    8
   963    128    1    6    7    9    2    3    8   16
   964    192    1    6    9   16    2    3    7    8
   965     96    1    8    9   16    2    3    6    7
   966    768    1    2    3    6    7    9   10   11
   967    384    1    2    3    9    6    7   10   11
   968    768    1    2    3   10    6    7    9   11
   969    768    1    2    6    7    3    9   10   11
   970    768    1    2    6    9    3    7   10   11
   971    768    1    2    6   10    3    7    9   11
   972    768    1    2    6   11    3    7    9   10
   973    768    1    2    7    9    3    6   10   11
   974    768    1    2    7   10    3    6    9   11
   975    768    1    2    7   11    3    6    9   10
   976    768    1    2    9   10    3    6    7   11
   977    768    1    2    9   11    3    6    7   10
   978    768    1    2   10   11    3    6    7    9
   979    384    1    6    7    9    2    3   10   11
   980    768    1    6    7   10    2    3    9   11
   981    768    1    6    9   10    2    3    7   11
   982    768    1    6    9   11    2    3    7   10
   983    768    1    6   10   11    2    3    7    9
   984    384    1    9   10   11    2    3    6    7
   985    384    2    3    6    7    1    9   10   11
   986    768    2    3    6    9    1    7   10   11
   987    768    2    3    6   10    1    7    9   11
   988    768    2    3    6   11    1    7    9   10
   989    768    2    3    9   10    1    6    7   11
   990    384    2    3   10   11    1    6    7    9
   991    768    2    6    7    9    1    3   10   11
   992    768    2    6    7   10    1    3    9   11
   993    768    2    6    7   11    1    3    9   10
   994    768    2    6    9   10    1    3    7   11
   995    768    2    6    9   11    1    3    7   10
   996    768    2    6   10   11    1    3    7    9
   997    768    2    7    9   10    1    3    6   11
   998    768    2    7    9   11    1    3    6   10
   999    768    2    7   10   11    1    3    6    9
  1000    768    2    9   10   11    1    3    6    7
  1001    768    6    7    9   10    1    2    3   11
  1002    384    6    7   10   11    1    2    3    9
  1003    768    6    9   10   11    1    2    3    7
  1004    768    1    2    3    6    7    9   10   13
  1005    768    1    2    3    7    6    9   10   13
  1006    768    1    2    3    9    6    7   10   13
  1007    768    1    2    3   10    6    7    9   13
  1008    768    1    2    3   13    6    7    9   10
  1009    768    1    2    6    7    3    9   10   13
  1010    768    1    2    6    9    3    7   10   13
  1011    768    1    2    6   10    3    7    9   13
  1012    768    1    2    6   13    3    7    9   10
  1013    768    1    2    7    9    3    6   10   13
  1014    768    1    2    7   10    3    6    9   13
  1015    768    1    2    7   13    3    6    9   10
  1016    768    1    2    9   10    3    6    7   13
  1017    768    1    2    9   13    3    6    7   10
  1018    768    1    2   10   13    3    6    7    9
  1019    768    1    3    6    7    2    9   10   13
  1020    768    1    3    6    9    2    7   10   13
  1021    768    1    3    6   10    2    7    9   13
  1022    768    1    3    6   13    2    7    9   10
  1023    768    1    3    7    9    2    6   10   13
  1024    768    1    3    7   10    2    6    9   13
  1025    768    1    3    7   13    2    6    9   10
  1026    768    1    3    9   10    2    6    7   13
  1027    768    1    3    9   13    2    6    7   10
  1028    768    1    3   10   13    2    6    7    9
  1029    768    1    6    7    9    2    3   10   13
  1030    768    1    6    7   10    2    3    9   13
  1031    768    1    6    7   13    2    3    9   10
  1032    768    1    6    9   10    2    3    7   13
  1033    768    1    6    9   13    2    3    7   10
  1034    768    1    6   10   13    2    3    7    9
  1035    768    1    7    9   10    2    3    6   13
  1036    768    1    7    9   13    2    3    6   10
  1037    768    1    7   10   13    2    3    6    9
  1038    768    1    9   10   13    2    3    6    7
  1039    768    2    3    6    7    1    9   10   13
  1040    768    2    3    6    9    1    7   10   13
  1041    768    2    3    6   10    1    7    9   13
  1042    768    2    3    6   13    1    7    9   10
  1043    768    2    3    7    9    1    6   10   13
  1044    768    2    3    7   10    1    6    9   13
  1045    768    2    3    7   13    1    6    9   10
  1046    768    2    3    9   10    1    6    7   13
  1047    768    2    3    9   13    1    6    7   10
  1048    768    2    3   10   13    1    6    7    9
  1049    768    2    6    7    9    1    3   10   13
  1050    768    2    6    7   10    1    3    9   13
  1051    768    2    6    7   13    1    3    9   10
  1052    768    2    6    9   10    1    3    7   13
  1053    768    2    6    9   13    1    3    7   10
  1054    768    2    6   10   13    1    3    7    9
  1055    768    2    7    9   10    1    3    6   13
  1056    768    2    7    9   13    1    3    6   10
  1057    768    2    7   10   13    1    3    6    9
  1058    768    2    9   10   13    1    3    6    7
  1059    768    3    6    7    9    1    2   10   13
  1060    768    3    6    7   10    1    2    9   13
  1061    768    3    6    7   13    1    2    9   10
  1062    768    3    6    9   10    1    2    7   13
  1063    768    3    6    9   13    1    2    7   10
  1064    768    3    6   10   13    1    2    7    9
  1065    768    3    7    9   10    1    2    6   13
  1066    768    3    7    9   13    1    2    6   10
  1067    768    3    7   10   13    1    2    6    9
  1068    768    3    9   10   13    1    2    6    7
  1069    768    6    7    9   10    1    2    3   13
  1070    768    6    7    9   13    1    2    3   10
  1071    768    6    7   10   13    1    2    3    9
  1072    768    6    9   10   13    1    2    3    7
  1073    768    7    9   10   13    1    2    3    6
  1074    768    1    2    3    6    7    9   10   15
  1075    768    1    2    3    7    6    9   10   15
  1076    768    1    2    3    9    6    7   10   15
  1077    768    1    2    3   10    6    7    9   15
  1078    768    1    2    3   15    6    7    9   10
  1079    768    1    2    6    7    3    9   10   15
  1080    768    1    2    6    9    3    7   10   15
  1081    768    1    2    6   10    3    7    9   15
  1082    768    1    2    6   15    3    7    9   10
  1083    768    1    2    7    9    3    6   10   15
  1084    768    1    2    7   10    3    6    9   15
  1085    768    1    2    7   15    3    6    9   10
  1086    768    1    2    9   10    3    6    7   15
  1087    768    1    2    9   15    3    6    7   10
  1088    768    1    2   10   15    3    6    7    9
  1089    768    1    3    6    7    2    9   10   15
  1090    768    1    3    6    9    2    7   10   15
  1091    768    1    3    6   10    2    7    9   15
  1092    768    1    3    6   15    2    7    9   10
  1093    768    1    3    7    9    2    6   10   15
  1094    768    1    3    7   10    2    6    9   15
  1095    768    1    3    7   15    2    6    9   10
  1096    768    1    3    9   10    2    6    7   15
  1097    768    1    3    9   15    2    6    7   10
  1098    768    1    3   10   15    2    6    7    9
  1099    768    1    6    7    9    2    3   10   15
  1100    768    1    6    7   10    2    3    9   15
  1101    768    1    6    7   15    2    3    9   10
  1102    768    1    6    9   10    2    3    7   15
  1103    768    1    6    9   15    2    3    7   10
  1104    768    1    6   10   15    2    3    7    9
  1105    768    1    7    9   10    2    3    6   15
  1106    768    1    7    9   15    2    3    6   10
  1107    768    1    7   10   15    2    3    6    9
  1108    768    1    9   10   15    2    3    6    7
  1109    768    2    3    6    7    1    9   10   15
  1110    768    2    3    6    9    1    7   10   15
  1111    768    2    3    6   10    1    7    9   15
  1112    768    2    3    6   15    1    7    9   10
  1113    768    2    3    7    9    1    6   10   15
  1114    768    2    3    7   10    1    6    9   15
  1115    768    2    3    7   15    1    6    9   10
  1116    768    2    3    9   10    1    6    7   15
  1117    768    2    3    9   15    1    6    7   10
  1118    768    2    3   10   15    1    6    7    9
  1119    768    2    6    7    9    1    3   10   15
  1120    768    2    6    7   10    1    3    9   15
  1121    768    2    6    7   15    1    3    9   10
  1122    768    2    6    9   10    1    3    7   15
  1123    768    2    6    9   15    1    3    7   10
  1124    768    2    6   10   15    1    3    7    9
  1125    768    2    7    9   10    1    3    6   15
  1126    768    2    7    9   15    1    3    6   10
  1127    768    2    7   10   15    1    3    6    9
  1128    768    2    9   10   15    1    3    6    7
  1129    768    3    6    7    9    1    2   10   15
  1130    768    3    6    7   10    1    2    9   15
  1131    768    3    6    7   15    1    2    9   10
  1132    768    3    6    9   10    1    2    7   15
  1133    768    3    6    9   15    1    2    7   10
  1134    768    3    6   10   15    1    2    7    9
  1135    768    3    7    9   10    1    2    6   15
  1136    768    3    7    9   15    1    2    6   10
  1137    768    3    7   10   15    1    2    6    9
  1138    768    3    9   10   15    1    2    6    7
  1139    768    6    7    9   10    1    2    3   15
  1140    768    6    7    9   15    1    2    3   10
  1141    768    6    7   10   15    1    2    3    9
  1142    768    6    9   10   15    1    2    3    7
  1143    768    7    9   10   15    1    2    3    6
  1144    768    1    2    3    6    7    9   12   13
  1145    384    1    2    3    9    6    7   12   13
  1146    384    1    2    3   12    6    7    9   13
  1147    384    1    2    3   13    6    7    9   12
  1148    768    1    2    6    7    3    9   12   13
  1149    768    1    2    6    9    3    7   12   13
  1150    768    1    2    6   12    3    7    9   13
  1151    768    1    2    6   13    3    7    9   12
  1152    768    1    2    7    9    3    6   12   13
  1153    768    1    2    7   12    3    6    9   13
  1154    768    1    2    7   13    3    6    9   12
  1155    768    1    2    9   12    3    6    7   13
  1156    768    1    2    9   13    3    6    7   12
  1157    768    1    2   12   13    3    6    7    9
  1158    384    1    6    7    9    2    3   12   13
  1159    384    1    6    7   12    2    3    9   13
  1160    384    1    6    7   13    2    3    9   12
  1161    768    1    6    9   12    2    3    7   13
  1162    768    1    6    9   13    2    3    7   12
  1163    768    1    6   12   13    2    3    7    9
  1164    384    1    9   12   13    2    3    6    7
  1165    384    2    3    6    7    1    9   12   13
  1166    768    2    3    6    9    1    7   12   13
  1167    768    2    3    6   12    1    7    9   13
  1168    768    2    3    6   13    1    7    9   12
  1169    384    2    3    9   12    1    6    7   13
  1170    384    2    3    9   13    1    6    7   12
  1171    384    2    3   12   13    1    6    7    9
  1172    768    2    6    7    9    1    3   12   13
  1173    768    2    6    7   12    1    3    9   13
  1174    768    2    6    7   13    1    3    9   12
  1175    768    2    6    9   12    1    3    7   13
  1176    768    2    6    9   13    1    3    7   12
  1177    768    2    6   12   13    1    3    7    9
  1178    768    2    7    9   12    1    3    6   13
  1179    768    2    7    9   13    1    3    6   12
  1180    768    2    7   12   13    1    3    6    9
  1181    768    2    9   12   13    1    3    6    7
  1182    384    6    7    9   12    1    2    3   13
  1183    384    6    7    9   13    1    2    3   12
  1184    384    6    7   12   13    1    2    3    9
  1185    768    6    9   12   13    1    2    3    7
  1186    768    1    2    3    6    7    9   12   14
  1187    768    1    2    3    9    6    7   12   14
  1188    384    1    2    3   14    6    7    9   12
  1189    768    1    2    6    7    3    9   12   14
  1190    768    1    2    6    9    3    7   12   14
  1191    768    1    2    6   12    3    7    9   14
  1192    768    1    2    6   14    3    7    9   12
  1193    768    1    2    7    9    3    6   12   14
  1194    768    1    2    7   12    3    6    9   14
  1195    768    1    2    7   14    3    6    9   12
  1196    768    1    2    9   12    3    6    7   14
  1197    768    1    2    9   14    3    6    7   12
  1198    768    1    2   12   14    3    6    7    9
  1199    768    1    6    7    9    2    3   12   14
  1200    384    1    6    7   14    2    3    9   12
  1201    768    1    6    9   12    2    3    7   14
  1202    768    1    6    9   14    2    3    7   12
  1203    768    1    6   12   14    2    3    7    9
  1204    384    1    9   12   14    2    3    6    7
  1205    384    2    3    6    7    1    9   12   14
  1206    768    2    3    6    9    1    7   12   14
  1207    768    2    3    6   12    1    7    9   14
  1208    768    2    3    6   14    1    7    9   12
  1209    384    2    3    9   12    1    6    7   14
  1210    768    2    3    9   14    1    6    7   12
  1211    768    2    6    7    9    1    3   12   14
  1212    768    2    6    7   12    1    3    9   14
  1213    768    2    6    7   14    1    3    9   12
  1214    768    2    6    9   12    1    3    7   14
  1215    768    2    6    9   14    1    3    7   12
  1216    768    2    6   12   14    1    3    7    9
  1217    768    2    7    9   12    1    3    6   14
  1218    768    2    7    9   14    1    3    6   12
  1219    768    2    7   12   14    1    3    6    9
  1220    768    2    9   12   14    1    3    6    7
  1221    384    6    7    9   12    1    2    3   14
  1222    768    6    7    9   14    1    2    3   12
  1223    768    6    9   12   14    1    2    3    7
  1224    384    1    2    3    6    9   10   11   14
  1225    768    1    2    3    9    6   10   11   14
  1226    768    1    2    3   10    6    9   11   14
  1227    768    1    2    3   11    6    9   10   14
  1228    768    1    2    3   14    6    9   10   11
  1229    192    1    2    9   10    3    6   11   14
  1230    768    1    2    9   11    3    6   10   14
  1231    768    1    2    9   14    3    6   10   11
  1232    384    1    2   11   14    3    6    9   10
  1233    768    1    3    6    9    2   10   11   14
  1234    768    1    3    6   10    2    9   11   14
  1235    768    1    3    6   11    2    9   10   14
  1236    768    1    3    6   14    2    9   10   11
  1237    384    1    3    9   11    2    6   10   14
  1238    768    1    3    9   14    2    6   10   11
  1239    768    1    3   10   11    2    6    9   14
  1240    384    1    3   10   14    2    6    9   11
  1241    768    1    3   11   14    2    6    9   10
  1242    384    1    6    9   14    2    3   10   11
  1243    384    1    6   10   11    2    3    9   14
  1244    768    1    6   11   14    2    3    9   10
  1245    192    3    6   11   14    1    2    9   10
  1246    768    1    2    3    6    9   10   11   15
  1247    768    1    2    3    9    6   10   11   15
  1248    768    1    2    3   10    6    9   11   15
  1249    768    1    2    3   11    6    9   10   15
  1250    768    1    2    3   15    6    9   10   11
  1251    768    1    2    6    9    3   10   11   15
  1252    768    1    2    6   10    3    9   11   15
  1253    768    1    2    6   11    3    9   10   15
  1254    768    1    2    6   15    3    9   10   11
  1255    768    1    2    9   10    3    6   11   15
  1256    384    1    2    9   11    3    6   10   15
  1257    768    1    2    9   15    3    6   10   11
  1258    768    1    2   10   11    3    6    9   15
  1259    768    1    2   10   15    3    6    9   11
  1260    768    1    2   11   15    3    6    9   10
  1261    768    1    3    6    9    2   10   11   15
  1262    768    1    3    6   10    2    9   11   15
  1263    768    1    3    6   11    2    9   10   15
  1264    768    1    3    6   15    2    9   10   11
  1265    384    1    3    9   10    2    6   11   15
  1266    768    1    3    9   15    2    6   10   11
  1267    768    1    3   10   11    2    6    9   15
  1268    768    1    3   10   15    2    6    9   11
  1269    768    1    3   11   15    2    6    9   10
  1270    384    1    6    9   15    2    3   10   11
  1271    768    1    6   10   11    2    3    9   15
  1272    768    1    6   10   15    2    3    9   11
  1273    768    1    6   11   15    2    3    9   10
  1274    768    1   10   11   15    2    3    6    9
  1275    768    2    3    6   10    1    9   11   15
  1276    768    2    3    6   11    1    9   10   15
  1277    768    2    3    6   15    1    9   10   11
  1278    384    2    3   10   11    1    6    9   15
  1279    768    2    3   10   15    1    6    9   11
  1280    768    2    3   11   15    1    6    9   10
  1281    768    2    6   10   15    1    3    9   11
  1282    384    2    6   11   15    1    3    9   10
  1283    384    3    6   10   15    1    2    9   11
  1284    768    1    2    3    6    9   10   11   16
  1285    768    1    2    3    9    6   10   11   16
  1286    768    1    2    3   10    6    9   11   16
  1287    768    1    2    3   11    6    9   10   16
  1288    768    1    2    3   16    6    9   10   11
  1289    768    1    2    6    9    3   10   11   16
  1290    768    1    2    6   10    3    9   11   16
  1291    768    1    2    6   11    3    9   10   16
  1292    768    1    2    6   16    3    9   10   11
  1293    768    1    2    9   10    3    6   11   16
  1294    768    1    2    9   11    3    6   10   16
  1295    768    1    2    9   16    3    6   10   11
  1296    768    1    2   10   11    3    6    9   16
  1297    768    1    2   10   16    3    6    9   11
  1298    768    1    2   11   16    3    6    9   10
  1299    768    1    3    6    9    2   10   11   16
  1300    768    1    3    6   10    2    9   11   16
  1301    768    1    3    6   11    2    9   10   16
  1302    768    1    3    6   16    2    9   10   11
  1303    768    1    3    9   10    2    6   11   16
  1304    768    1    3    9   11    2    6   10   16
  1305    768    1    3    9   16    2    6   10   11
  1306    768    1    3   10   11    2    6    9   16
  1307    768    1    3   10   16    2    6    9   11
  1308    768    1    3   11   16    2    6    9   10
  1309    768    1    6    9   10    2    3   11   16
  1310    768    1    6    9   11    2    3   10   16
  1311    768    1    6    9   16    2    3   10   11
  1312    768    1    6   10   11    2    3    9   16
  1313    768    1    6   10   16    2    3    9   11
  1314    768    1    6   11   16    2    3    9   10
  1315    768    1    9   10   11    2    3    6   16
  1316    768    1    9   10   16    2    3    6   11
  1317    768    1    9   11   16    2    3    6   10
  1318    768    1   10   11   16    2    3    6    9
  1319    768    2    3    6    9    1   10   11   16
  1320    768    2    3    6   10    1    9   11   16
  1321    768    2    3    6   11    1    9   10   16
  1322    768    2    3    6   16    1    9   10   11
  1323    768    2    3    9   10    1    6   11   16
  1324    768    2    3    9   11    1    6   10   16
  1325    768    2    3    9   16    1    6   10   11
  1326    768    2    3   10   11    1    6    9   16
  1327    768    2    3   10   16    1    6    9   11
  1328    768    2    3   11   16    1    6    9   10
  1329    768    2    6    9   10    1    3   11   16
  1330    768    2    6    9   11    1    3   10   16
  1331    768    2    6    9   16    1    3   10   11
  1332    768    2    6   10   11    1    3    9   16
  1333    768    2    6   10   16    1    3    9   11
  1334    768    2    6   11   16    1    3    9   10
  1335    768    2    9   10   11    1    3    6   16
  1336    768    2    9   10   16    1    3    6   11
  1337    768    2    9   11   16    1    3    6   10
  1338    768    2   10   11   16    1    3    6    9
  1339    768    3    6    9   10    1    2   11   16
  1340    768    3    6    9   11    1    2   10   16
  1341    768    3    6    9   16    1    2   10   11
  1342    768    3    6   10   11    1    2    9   16
  1343    768    3    6   10   16    1    2    9   11
  1344    768    3    6   11   16    1    2    9   10
  1345    768    3    9   10   11    1    2    6   16
  1346    768    3    9   10   16    1    2    6   11
  1347    768    3    9   11   16    1    2    6   10
  1348    768    3   10   11   16    1    2    6    9
  1349    768    6    9   10   11    1    2    3   16
  1350    768    6    9   10   16    1    2    3   11
  1351    768    6    9   11   16    1    2    3   10
  1352    768    6   10   11   16    1    2    3    9
  1353    768    9   10   11   16    1    2    3    6
  1354     96    1    2    3    6    9   10   15   16
  1355    768    1    2    3    9    6   10   15   16
  1356    192    1    2    9   10    3    6   15   16
  1357    192    1    2    9   15    3    6   10   16
  1358    192    1    2    9   16    3    6   10   15
  1359    768    1    3    6    9    2   10   15   16
  1360    384    1    3    9   10    2    6   15   16
  1361    384    1    3    9   15    2    6   10   16
  1362    384    1    3    9   16    2    6   10   15
  1363    384    1    6    9   10    2    3   15   16
  1364    384    1    6    9   15    2    3   10   16
  1365    384    1    6    9   16    2    3   10   15
  1366    768    1    9   10   15    2    3    6   16
  1367    192    3    6    9   10    1    2   15   16
  1368    192    3    6    9   15    1    2   10   16
  1369    192    3    6    9   16    1    2   10   15
  1370    768    3    9   10   15    1    2    6   16
  1371     96    9   10   15   16    1    2    3    6
  1372    384    1    2    3    6    9   11   13   16
  1373    768    1    2    3    9    6   11   13   16
  1374    768    1    2    3   11    6    9   13   16
  1375    768    1    2    3   13    6    9   11   16
  1376    768    1    2    3   16    6    9   11   13
  1377    768    1    2    9   11    3    6   13   16
  1378    384    1    2    9   16    3    6   11   13
  1379    384    1    2   11   13    3    6    9   16
  1380    768    1    2   11   16    3    6    9   13
  1381    768    1    3    6    9    2   11   13   16
  1382    768    1    3    6   11    2    9   13   16
  1383    768    1    3    6   13    2    9   11   16
  1384    768    1    3    6   16    2    9   11   13
  1385    768    1    3    9   11    2    6   13   16
  1386    768    1    3    9   13    2    6   11   16
  1387    768    1    3    9   16    2    6   11   13
  1388    768    1    3   11   13    2    6    9   16
  1389    768    1    3   11   16    2    6    9   13
  1390    768    1    3   13   16    2    6    9   11
  1391    768    1    6    9   11    2    3   13   16
  1392    768    1    6    9   13    2    3   11   16
  1393    768    1    6    9   16    2    3   11   13
  1394    768    1    6   11   13    2    3    9   16
  1395    768    1    6   11   16    2    3    9   13
  1396    768    1    6   13   16    2    3    9   11
  1397    768    1    9   11   13    2    3    6   16
  1398    768    1    9   11   16    2    3    6   13
  1399    768    1    9   13   16    2    3    6   11
  1400    768    1   11   13   16    2    3    6    9
  1401    768    3    6    9   11    1    2   13   16
  1402    384    3    6    9   16    1    2   11   13
  1403    384    3    6   11   13    1    2    9   16
  1404    768    3    6   11   16    1    2    9   13
  1405    768    3    9   11   13    1    2    6   16
  1406    768    3    9   11   16    1    2    6   13
  1407    768    3    9   13   16    1    2    6   11
  1408    768    3   11   13   16    1    2    6    9
  1409    384    9   11   13   16    1    2    3    6
  1410    192    1    2    3    6    9   11   14   16
  1411    768    1    2    3    9    6   11   14   16
  1412    768    1    2    6    9    3   11   14   16
  1413    384    1    2    9   11    3    6   14   16
  1414    384    1    2    9   14    3    6   11   16
  1415    384    1    2    9   16    3    6   11   14
  1416    768    1    3    6    9    2   11   14   16
  1417    384    1    3    9   11    2    6   14   16
  1418    384    1    3    9   14    2    6   11   16
  1419    384    1    3    9   16    2    6   11   14
  1420    384    1    6    9   11    2    3   14   16
  1421    384    1    6    9   14    2    3   11   16
  1422    384    1    6    9   16    2    3   11   14
  1423    768    1    9   11   14    2    3    6   16
  1424    768    2    3    6    9    1   11   14   16
  1425    384    2    3    9   11    1    6   14   16
  1426    384    2    3    9   14    1    6   11   16
  1427    384    2    3    9   16    1    6   11   14
  1428    384    2    6    9   11    1    3   14   16
  1429    384    2    6    9   14    1    3   11   16
  1430    384    2    6    9   16    1    3   11   14
  1431    768    2    9   11   14    1    3    6   16
  1432    384    3    6    9   11    1    2   14   16
  1433    384    3    6    9   14    1    2   11   16
  1434    384    3    6    9   16    1    2   11   14
  1435    768    3    9   11   14    1    2    6   16
  1436    768    6    9   11   14    1    2    3   16
  1437    192    9   11   14   16    1    2    3    6
  1438     96    1    2    3    6    9   12   14   15
  1439    768    1    2    3    9    6   12   14   15
  1440    384    1    2    9   12    3    6   14   15
  1441    192    1    2    9   15    3    6   12   14
  1442    768    1    3    6    9    2   12   14   15
  1443    384    1    3    9   12    2    6   14   15
  1444    384    1    3    9   14    2    6   12   15
  1445    384    1    3    9   15    2    6   12   14
  1446    384    1    6    9   12    2    3   14   15
  1447    384    1    6    9   14    2    3   12   15
  1448    384    1    6    9   15    2    3   12   14
  1449    768    1    9   12   14    2    3    6   15
  1450    384    3    6    9   12    1    2   14   15
  1451    192    3    6    9   15    1    2   12   14
  1452    768    3    9   12   14    1    2    6   15
  1453     96    9   12   14   15    1    2    3    6
  1454    384    1    2    3    8    9   10   11   16
  1455    384    1    2    3    9    8   10   11   16
  1456    768    1    2    3   10    8    9   11   16
  1457    384    1    2    3   16    8    9   10   11
  1458    768    1    2    8    9    3   10   11   16
  1459    768    1    2    8   10    3    9   11   16
  1460    768    1    2    8   11    3    9   10   16
  1461    768    1    2    8   16    3    9   10   11
  1462    384    1    2    9   10    3    8   11   16
  1463    384    1    2    9   11    3    8   10   16
  1464    768    1    2    9   16    3    8   10   11
  1465    768    1    2   10   11    3    8    9   16
  1466    768    1    2   10   16    3    8    9   11
  1467    768    1    2   11   16    3    8    9   10
  1468    192    1    8    9   16    2    3   10   11
  1469    384    1    8   10   11    2    3    9   16
  1470    768    1    8   10   16    2    3    9   11
  1471    384    1   10   11   16    2    3    8    9
  1472    768    2    3    8   10    1    9   11   16
  1473    384    2    3    8   16    1    9   10   11
  1474    192    2    3   10   11    1    8    9   16
  1475    768    2    3   10   16    1    8    9   11
  1476    384    2    8   10   16    1    3    9   11
  1477    384    2    8   11   16    1    3    9   10
  1478    768    1    2    3    8    9   10   13   16
  1479    768    1    2    3    9    8   10   13   16
  1480    768    1    2    3   10    8    9   13   16
  1481    768    1    2    3   13    8    9   10   16
  1482    768    1    2    3   16    8    9   10   13
  1483    768    1    2    8    9    3   10   13   16
  1484    768    1    2    8   10    3    9   13   16
  1485    768    1    2    8   13    3    9   10   16
  1486    768    1    2    8   16    3    9   10   13
  1487    384    1    2    9   10    3    8   13   16
  1488    768    1    2    9   13    3    8   10   16
  1489    768    1    2    9   16    3    8   10   13
  1490    768    1    2   10   13    3    8    9   16
  1491    768    1    2   10   16    3    8    9   13
  1492    768    1    2   13   16    3    8    9   10
  1493    768    1    3    8    9    2   10   13   16
  1494    768    1    3    8   10    2    9   13   16
  1495    768    1    3    8   13    2    9   10   16
  1496    768    1    3    8   16    2    9   10   13
  1497    384    1    3    9   13    2    8   10   16
  1498    768    1    3    9   16    2    8   10   13
  1499    768    1    3   10   13    2    8    9   16
  1500    768    1    3   10   16    2    8    9   13
  1501    768    1    3   13   16    2    8    9   10
  1502    384    1    8    9   16    2    3   10   13
  1503    768    1    8   10   13    2    3    9   16
  1504    768    1    8   10   16    2    3    9   13
  1505    768    1    8   13   16    2    3    9   10
  1506    768    1   10   13   16    2    3    8    9
  1507    768    2    3    8   10    1    9   13   16
  1508    768    2    3    8   13    1    9   10   16
  1509    768    2    3    8   16    1    9   10   13
  1510    384    2    3   10   13    1    8    9   16
  1511    768    2    3   10   16    1    8    9   13
  1512    768    2    3   13   16    1    8    9   10
  1513    384    2    8   10   16    1    3    9   13
  1514    768    2    8   13   16    1    3    9   10
  1515    384    3    8   13   16    1    2    9   10
  1516    192    1    2    3    8    9   10   15   16
  1517    768    1    2    3    9    8   10   15   16
  1518    768    1    2    8    9    3   10   15   16
  1519    384    1    2    9   10    3    8   15   16
  1520    384    1    2    9   15    3    8   10   16
  1521    384    1    2    9   16    3    8   10   15
  1522    768    1    3    8    9    2   10   15   16
  1523    384    1    3    9   10    2    8   15   16
  1524    384    1    3    9   15    2    8   10   16
  1525    384    1    3    9   16    2    8   10   15
  1526    384    1    8    9   10    2    3   15   16
  1527    384    1    8    9   15    2    3   10   16
  1528    384    1    8    9   16    2    3   10   15
  1529    768    1    9   10   15    2    3    8   16
  1530    768    2    3    8    9    1   10   15   16
  1531    384    2    3    9   10    1    8   15   16
  1532    384    2    3    9   15    1    8   10   16
  1533    384    2    3    9   16    1    8   10   15
  1534    384    2    8    9   10    1    3   15   16
  1535    384    2    8    9   15    1    3   10   16
  1536    384    2    8    9   16    1    3   10   15
  1537    768    2    9   10   15    1    3    8   16
  1538    384    3    8    9   10    1    2   15   16
  1539    384    3    8    9   15    1    2   10   16
  1540    384    3    8    9   16    1    2   10   15
  1541    768    3    9   10   15    1    2    8   16
  1542    768    8    9   10   15    1    2    3   16
  1543    192    9   10   15   16    1    2    3    8
  1544     96    1    2    3    8    9   12   13   16
  1545    384    1    2    3    9    8   12   13   16
  1546    768    1    2    8    9    3   12   13   16
  1547    384    1    2    9   12    3    8   13   16
  1548    384    1    2    9   13    3    8   12   16
  1549    384    1    2    9   16    3    8   12   13
  1550    192    1    8    9   12    2    3   13   16
  1551    192    1    8    9   13    2    3   12   16
  1552    192    1    8    9   16    2    3   12   13
  1553    384    1    9   12   13    2    3    8   16
  1554    384    2    3    8    9    1   12   13   16
  1555    192    2    3    9   12    1    8   13   16
  1556    192    2    3    9   13    1    8   12   16
  1557    192    2    3    9   16    1    8   12   13
  1558    384    2    8    9   12    1    3   13   16
  1559    384    2    8    9   13    1    3   12   16
  1560    384    2    8    9   16    1    3   12   13
  1561    768    2    9   12   13    1    3    8   16
  1562    384    8    9   12   13    1    2    3   16
  1563     96    9   12   13   16    1    2    3    8
  1564     96    1    2    3    8    9   12   14   15
  1565    384    1    2    3    9    8   12   14   15
  1566    768    1    2    8    9    3   12   14   15
  1567    384    1    2    9   12    3    8   14   15
  1568    384    1    2    9   14    3    8   12   15
  1569    384    1    2    9   15    3    8   12   14
  1570    192    1    8    9   12    2    3   14   15
  1571    384    1    8    9   14    2    3   12   15
  1572    384    1    9   12   14    2    3    8   15
  1573    384    2    3    8    9    1   12   14   15
  1574    192    2    3    9   12    1    8   14   15
  1575    384    2    3    9   14    1    8   12   15
  1576    384    2    8    9   12    1    3   14   15
  1577    384    2    8    9   14    1    3   12   15
  1578    384    2    8    9   15    1    3   12   14
  1579    768    2    9   12   14    1    3    8   15
  1580    384    8    9   12   14    1    2    3   15
  1581     96    9   12   14   15    1    2    3    8
  1582     24    1    2    7    8    9   10   15   16
  1583    384    1    2    7    9    8   10   15   16
  1584     48    1    2    9   10    7    8   15   16
  1585     96    1    2    9   15    7    8   10   16
  1586     96    1    2    9   16    7    8   10   15
  1587     48    1    7    9   15    2    8   10   16
  1588     96    1    7    9   16    2    8   10   15
  1589     48    1    8    9   16    2    7   10   15
  1590     48    1    2    7    8    9   11   14   16
  1591    768    1    2    7    9    8   11   14   16
  1592     96    1    2    9   11    7    8   14   16
  1593    192    1    2    9   14    7    8   11   16
  1594    192    1    2    9   16    7    8   11   14
  1595     96    1    7    9   14    2    8   11   16
  1596    192    1    7    9   16    2    8   11   14
  1597     96    1    8    9   16    2    7   11   14
  1598     24    1    2    7    8    9   12   14   15
  1599    384    1    2    7    9    8   12   14   15
  1600    192    1    2    9   12    7    8   14   15
  1601     96    1    2    9   15    7    8   12   14
  1602    192    1    7    9   12    2    8   14   15
  1603     96    1    7    9   15    2    8   12   14
  1604    192    1    8    9   12    2    7   14   15
  1605     96    1    8    9   15    2    7   12   14
  1606    384    1    9   12   14    2    7    8   15
  1607     24    9   12   14   15    1    2    7    8
  1608      8    1    4    6    7    9   12   14   15
  1609    128    1    4    6    9    7   12   14   15
  1610     48    1    4    9   12    6    7   14   15
  1611     96    1    4    9   14    6    7   12   15
