         384
 Operator number            1
   1.00000000       0.00000000       0.00000000       0.00000000    
   0.00000000       1.00000000       0.00000000       0.00000000    
   0.00000000       0.00000000       1.00000000       0.00000000    
 Operator number            2
   1.00000000       0.00000000       0.00000000       0.00000000    
   0.00000000       1.00000000       0.00000000       0.00000000    
   0.00000000       0.00000000       1.00000000      0.500000000    
 Operator number            3
   1.00000000       0.00000000       0.00000000       0.00000000    
   0.00000000       1.00000000       0.00000000      0.500000000    
   0.00000000       0.00000000       1.00000000       0.00000000    
 Operator number            4
   1.00000000       0.00000000       0.00000000       0.00000000    
   0.00000000       1.00000000       0.00000000      0.500000000    
   0.00000000       0.00000000       1.00000000      0.500000000    
 Operator number            5
   1.00000000       0.00000000       0.00000000      0.500000000    
   0.00000000       1.00000000       0.00000000       0.00000000    
   0.00000000       0.00000000       1.00000000       0.00000000    
 Operator number            6
   1.00000000       0.00000000       0.00000000      0.500000000    
   0.00000000       1.00000000       0.00000000       0.00000000    
   0.00000000       0.00000000       1.00000000      0.500000000    
 Operator number            7
   1.00000000       0.00000000       0.00000000      0.500000000    
   0.00000000       1.00000000       0.00000000      0.500000000    
   0.00000000       0.00000000       1.00000000       0.00000000    
 Operator number            8
   1.00000000       0.00000000       0.00000000      0.500000000    
   0.00000000       1.00000000       0.00000000      0.500000000    
   0.00000000       0.00000000       1.00000000      0.500000000    
 Operator number            9
  -1.00000000       0.00000000       0.00000000       0.00000000    
   0.00000000      -1.00000000       0.00000000       0.00000000    
   0.00000000       0.00000000      -1.00000000       0.00000000    
 Operator number           10
  -1.00000000       0.00000000       0.00000000       0.00000000    
   0.00000000      -1.00000000       0.00000000       0.00000000    
   0.00000000       0.00000000      -1.00000000      0.500000000    
 Operator number           11
  -1.00000000       0.00000000       0.00000000       0.00000000    
   0.00000000      -1.00000000       0.00000000      0.500000000    
   0.00000000       0.00000000      -1.00000000       0.00000000    
 Operator number           12
  -1.00000000       0.00000000       0.00000000       0.00000000    
   0.00000000      -1.00000000       0.00000000      0.500000000    
   0.00000000       0.00000000      -1.00000000      0.500000000    
 Operator number           13
  -1.00000000       0.00000000       0.00000000      0.500000000    
   0.00000000      -1.00000000       0.00000000       0.00000000    
   0.00000000       0.00000000      -1.00000000       0.00000000    
 Operator number           14
  -1.00000000       0.00000000       0.00000000      0.500000000    
   0.00000000      -1.00000000       0.00000000       0.00000000    
   0.00000000       0.00000000      -1.00000000      0.500000000    
 Operator number           15
  -1.00000000       0.00000000       0.00000000      0.500000000    
   0.00000000      -1.00000000       0.00000000      0.500000000    
   0.00000000       0.00000000      -1.00000000       0.00000000    
 Operator number           16
  -1.00000000       0.00000000       0.00000000      0.500000000    
   0.00000000      -1.00000000       0.00000000      0.500000000    
   0.00000000       0.00000000      -1.00000000      0.500000000    
 Operator number           17
   1.00000000       1.00000000       1.00000000       0.00000000    
   0.00000000       0.00000000      -1.00000000       0.00000000    
  -1.00000000       0.00000000       0.00000000       0.00000000    
 Operator number           18
   1.00000000       1.00000000       1.00000000       0.00000000    
   0.00000000       0.00000000      -1.00000000       0.00000000    
  -1.00000000       0.00000000       0.00000000      0.500000000    
 Operator number           19
   1.00000000       1.00000000       1.00000000       0.00000000    
   0.00000000       0.00000000      -1.00000000      0.500000000    
  -1.00000000       0.00000000       0.00000000       0.00000000    
 Operator number           20
   1.00000000       1.00000000       1.00000000       0.00000000    
   0.00000000       0.00000000      -1.00000000      0.500000000    
  -1.00000000       0.00000000       0.00000000      0.500000000    
 Operator number           21
   1.00000000       1.00000000       1.00000000      0.500000000    
   0.00000000       0.00000000      -1.00000000       0.00000000    
  -1.00000000       0.00000000       0.00000000       0.00000000    
 Operator number           22
   1.00000000       1.00000000       1.00000000      0.500000000    
   0.00000000       0.00000000      -1.00000000       0.00000000    
  -1.00000000       0.00000000       0.00000000      0.500000000    
 Operator number           23
   1.00000000       1.00000000       1.00000000      0.500000000    
   0.00000000       0.00000000      -1.00000000      0.500000000    
  -1.00000000       0.00000000       0.00000000       0.00000000    
 Operator number           24
   1.00000000       1.00000000       1.00000000      0.500000000    
   0.00000000       0.00000000      -1.00000000      0.500000000    
  -1.00000000       0.00000000       0.00000000      0.500000000    
 Operator number           25
  -1.00000000      -1.00000000      -1.00000000       0.00000000    
   0.00000000       0.00000000       1.00000000       0.00000000    
   1.00000000       0.00000000       0.00000000       0.00000000    
 Operator number           26
  -1.00000000      -1.00000000      -1.00000000       0.00000000    
   0.00000000       0.00000000       1.00000000       0.00000000    
   1.00000000       0.00000000       0.00000000      0.500000000    
 Operator number           27
  -1.00000000      -1.00000000      -1.00000000       0.00000000    
   0.00000000       0.00000000       1.00000000      0.500000000    
   1.00000000       0.00000000       0.00000000       0.00000000    
 Operator number           28
  -1.00000000      -1.00000000      -1.00000000       0.00000000    
   0.00000000       0.00000000       1.00000000      0.500000000    
   1.00000000       0.00000000       0.00000000      0.500000000    
 Operator number           29
  -1.00000000      -1.00000000      -1.00000000      0.500000000    
   0.00000000       0.00000000       1.00000000       0.00000000    
   1.00000000       0.00000000       0.00000000       0.00000000    
 Operator number           30
  -1.00000000      -1.00000000      -1.00000000      0.500000000    
   0.00000000       0.00000000       1.00000000       0.00000000    
   1.00000000       0.00000000       0.00000000      0.500000000    
 Operator number           31
  -1.00000000      -1.00000000      -1.00000000      0.500000000    
   0.00000000       0.00000000       1.00000000      0.500000000    
   1.00000000       0.00000000       0.00000000       0.00000000    
 Operator number           32
  -1.00000000      -1.00000000      -1.00000000      0.500000000    
   0.00000000       0.00000000       1.00000000      0.500000000    
   1.00000000       0.00000000       0.00000000      0.500000000    
 Operator number           33
   0.00000000       1.00000000       0.00000000       0.00000000    
   1.00000000       0.00000000       0.00000000       0.00000000    
  -1.00000000      -1.00000000      -1.00000000       0.00000000    
 Operator number           34
   0.00000000       1.00000000       0.00000000       0.00000000    
   1.00000000       0.00000000       0.00000000       0.00000000    
  -1.00000000      -1.00000000      -1.00000000      0.500000000    
 Operator number           35
   0.00000000       1.00000000       0.00000000       0.00000000    
   1.00000000       0.00000000       0.00000000      0.500000000    
  -1.00000000      -1.00000000      -1.00000000       0.00000000    
 Operator number           36
   0.00000000       1.00000000       0.00000000       0.00000000    
   1.00000000       0.00000000       0.00000000      0.500000000    
  -1.00000000      -1.00000000      -1.00000000      0.500000000    
 Operator number           37
   0.00000000       1.00000000       0.00000000      0.500000000    
   1.00000000       0.00000000       0.00000000       0.00000000    
  -1.00000000      -1.00000000      -1.00000000       0.00000000    
 Operator number           38
   0.00000000       1.00000000       0.00000000      0.500000000    
   1.00000000       0.00000000       0.00000000       0.00000000    
  -1.00000000      -1.00000000      -1.00000000      0.500000000    
 Operator number           39
   0.00000000       1.00000000       0.00000000      0.500000000    
   1.00000000       0.00000000       0.00000000      0.500000000    
  -1.00000000      -1.00000000      -1.00000000       0.00000000    
 Operator number           40
   0.00000000       1.00000000       0.00000000      0.500000000    
   1.00000000       0.00000000       0.00000000      0.500000000    
  -1.00000000      -1.00000000      -1.00000000      0.500000000    
 Operator number           41
   0.00000000      -1.00000000       0.00000000       0.00000000    
  -1.00000000       0.00000000       0.00000000       0.00000000    
   1.00000000       1.00000000       1.00000000       0.00000000    
 Operator number           42
   0.00000000      -1.00000000       0.00000000       0.00000000    
  -1.00000000       0.00000000       0.00000000       0.00000000    
   1.00000000       1.00000000       1.00000000      0.500000000    
 Operator number           43
   0.00000000      -1.00000000       0.00000000       0.00000000    
  -1.00000000       0.00000000       0.00000000      0.500000000    
   1.00000000       1.00000000       1.00000000       0.00000000    
 Operator number           44
   0.00000000      -1.00000000       0.00000000       0.00000000    
  -1.00000000       0.00000000       0.00000000      0.500000000    
   1.00000000       1.00000000       1.00000000      0.500000000    
 Operator number           45
   0.00000000      -1.00000000       0.00000000      0.500000000    
  -1.00000000       0.00000000       0.00000000       0.00000000    
   1.00000000       1.00000000       1.00000000       0.00000000    
 Operator number           46
   0.00000000      -1.00000000       0.00000000      0.500000000    
  -1.00000000       0.00000000       0.00000000       0.00000000    
   1.00000000       1.00000000       1.00000000      0.500000000    
 Operator number           47
   0.00000000      -1.00000000       0.00000000      0.500000000    
  -1.00000000       0.00000000       0.00000000      0.500000000    
   1.00000000       1.00000000       1.00000000       0.00000000    
 Operator number           48
   0.00000000      -1.00000000       0.00000000      0.500000000    
  -1.00000000       0.00000000       0.00000000      0.500000000    
   1.00000000       1.00000000       1.00000000      0.500000000    
 Operator number           49
   0.00000000       0.00000000      -1.00000000       0.00000000    
   1.00000000       1.00000000       1.00000000       0.00000000    
   0.00000000      -1.00000000       0.00000000       0.00000000    
 Operator number           50
   0.00000000       0.00000000      -1.00000000       0.00000000    
   1.00000000       1.00000000       1.00000000       0.00000000    
   0.00000000      -1.00000000       0.00000000      0.500000000    
 Operator number           51
   0.00000000       0.00000000      -1.00000000       0.00000000    
   1.00000000       1.00000000       1.00000000      0.500000000    
   0.00000000      -1.00000000       0.00000000       0.00000000    
 Operator number           52
   0.00000000       0.00000000      -1.00000000       0.00000000    
   1.00000000       1.00000000       1.00000000      0.500000000    
   0.00000000      -1.00000000       0.00000000      0.500000000    
 Operator number           53
   0.00000000       0.00000000      -1.00000000      0.500000000    
   1.00000000       1.00000000       1.00000000       0.00000000    
   0.00000000      -1.00000000       0.00000000       0.00000000    
 Operator number           54
   0.00000000       0.00000000      -1.00000000      0.500000000    
   1.00000000       1.00000000       1.00000000       0.00000000    
   0.00000000      -1.00000000       0.00000000      0.500000000    
 Operator number           55
   0.00000000       0.00000000      -1.00000000      0.500000000    
   1.00000000       1.00000000       1.00000000      0.500000000    
   0.00000000      -1.00000000       0.00000000       0.00000000    
 Operator number           56
   0.00000000       0.00000000      -1.00000000      0.500000000    
   1.00000000       1.00000000       1.00000000      0.500000000    
   0.00000000      -1.00000000       0.00000000      0.500000000    
 Operator number           57
   0.00000000       0.00000000       1.00000000       0.00000000    
  -1.00000000      -1.00000000      -1.00000000       0.00000000    
   0.00000000       1.00000000       0.00000000       0.00000000    
 Operator number           58
   0.00000000       0.00000000       1.00000000       0.00000000    
  -1.00000000      -1.00000000      -1.00000000       0.00000000    
   0.00000000       1.00000000       0.00000000      0.500000000    
 Operator number           59
   0.00000000       0.00000000       1.00000000       0.00000000    
  -1.00000000      -1.00000000      -1.00000000      0.500000000    
   0.00000000       1.00000000       0.00000000       0.00000000    
 Operator number           60
   0.00000000       0.00000000       1.00000000       0.00000000    
  -1.00000000      -1.00000000      -1.00000000      0.500000000    
   0.00000000       1.00000000       0.00000000      0.500000000    
 Operator number           61
   0.00000000       0.00000000       1.00000000      0.500000000    
  -1.00000000      -1.00000000      -1.00000000       0.00000000    
   0.00000000       1.00000000       0.00000000       0.00000000    
 Operator number           62
   0.00000000       0.00000000       1.00000000      0.500000000    
  -1.00000000      -1.00000000      -1.00000000       0.00000000    
   0.00000000       1.00000000       0.00000000      0.500000000    
 Operator number           63
   0.00000000       0.00000000       1.00000000      0.500000000    
  -1.00000000      -1.00000000      -1.00000000      0.500000000    
   0.00000000       1.00000000       0.00000000       0.00000000    
 Operator number           64
   0.00000000       0.00000000       1.00000000      0.500000000    
  -1.00000000      -1.00000000      -1.00000000      0.500000000    
   0.00000000       1.00000000       0.00000000      0.500000000    
 Operator number           65
  -1.00000000      -1.00000000      -1.00000000       0.00000000    
   0.00000000       0.00000000       1.00000000       0.00000000    
   0.00000000       1.00000000       0.00000000       0.00000000    
 Operator number           66
  -1.00000000      -1.00000000      -1.00000000       0.00000000    
   0.00000000       0.00000000       1.00000000       0.00000000    
   0.00000000       1.00000000       0.00000000      0.500000000    
 Operator number           67
  -1.00000000      -1.00000000      -1.00000000       0.00000000    
   0.00000000       0.00000000       1.00000000      0.500000000    
   0.00000000       1.00000000       0.00000000       0.00000000    
 Operator number           68
  -1.00000000      -1.00000000      -1.00000000       0.00000000    
   0.00000000       0.00000000       1.00000000      0.500000000    
   0.00000000       1.00000000       0.00000000      0.500000000    
 Operator number           69
  -1.00000000      -1.00000000      -1.00000000      0.500000000    
   0.00000000       0.00000000       1.00000000       0.00000000    
   0.00000000       1.00000000       0.00000000       0.00000000    
 Operator number           70
  -1.00000000      -1.00000000      -1.00000000      0.500000000    
   0.00000000       0.00000000       1.00000000       0.00000000    
   0.00000000       1.00000000       0.00000000      0.500000000    
 Operator number           71
  -1.00000000      -1.00000000      -1.00000000      0.500000000    
   0.00000000       0.00000000       1.00000000      0.500000000    
   0.00000000       1.00000000       0.00000000       0.00000000    
 Operator number           72
  -1.00000000      -1.00000000      -1.00000000      0.500000000    
   0.00000000       0.00000000       1.00000000      0.500000000    
   0.00000000       1.00000000       0.00000000      0.500000000    
 Operator number           73
   1.00000000       1.00000000       1.00000000       0.00000000    
   0.00000000       0.00000000      -1.00000000       0.00000000    
   0.00000000      -1.00000000       0.00000000       0.00000000    
 Operator number           74
   1.00000000       1.00000000       1.00000000       0.00000000    
   0.00000000       0.00000000      -1.00000000       0.00000000    
   0.00000000      -1.00000000       0.00000000      0.500000000    
 Operator number           75
   1.00000000       1.00000000       1.00000000       0.00000000    
   0.00000000       0.00000000      -1.00000000      0.500000000    
   0.00000000      -1.00000000       0.00000000       0.00000000    
 Operator number           76
   1.00000000       1.00000000       1.00000000       0.00000000    
   0.00000000       0.00000000      -1.00000000      0.500000000    
   0.00000000      -1.00000000       0.00000000      0.500000000    
 Operator number           77
   1.00000000       1.00000000       1.00000000      0.500000000    
   0.00000000       0.00000000      -1.00000000       0.00000000    
   0.00000000      -1.00000000       0.00000000       0.00000000    
 Operator number           78
   1.00000000       1.00000000       1.00000000      0.500000000    
   0.00000000       0.00000000      -1.00000000       0.00000000    
   0.00000000      -1.00000000       0.00000000      0.500000000    
 Operator number           79
   1.00000000       1.00000000       1.00000000      0.500000000    
   0.00000000       0.00000000      -1.00000000      0.500000000    
   0.00000000      -1.00000000       0.00000000       0.00000000    
 Operator number           80
   1.00000000       1.00000000       1.00000000      0.500000000    
   0.00000000       0.00000000      -1.00000000      0.500000000    
   0.00000000      -1.00000000       0.00000000      0.500000000    
 Operator number           81
   0.00000000      -1.00000000       0.00000000       0.00000000    
  -1.00000000       0.00000000       0.00000000       0.00000000    
   0.00000000       0.00000000      -1.00000000       0.00000000    
 Operator number           82
   0.00000000      -1.00000000       0.00000000       0.00000000    
  -1.00000000       0.00000000       0.00000000       0.00000000    
   0.00000000       0.00000000      -1.00000000      0.500000000    
 Operator number           83
   0.00000000      -1.00000000       0.00000000       0.00000000    
  -1.00000000       0.00000000       0.00000000      0.500000000    
   0.00000000       0.00000000      -1.00000000       0.00000000    
 Operator number           84
   0.00000000      -1.00000000       0.00000000       0.00000000    
  -1.00000000       0.00000000       0.00000000      0.500000000    
   0.00000000       0.00000000      -1.00000000      0.500000000    
 Operator number           85
   0.00000000      -1.00000000       0.00000000      0.500000000    
  -1.00000000       0.00000000       0.00000000       0.00000000    
   0.00000000       0.00000000      -1.00000000       0.00000000    
 Operator number           86
   0.00000000      -1.00000000       0.00000000      0.500000000    
  -1.00000000       0.00000000       0.00000000       0.00000000    
   0.00000000       0.00000000      -1.00000000      0.500000000    
 Operator number           87
   0.00000000      -1.00000000       0.00000000      0.500000000    
  -1.00000000       0.00000000       0.00000000      0.500000000    
   0.00000000       0.00000000      -1.00000000       0.00000000    
 Operator number           88
   0.00000000      -1.00000000       0.00000000      0.500000000    
  -1.00000000       0.00000000       0.00000000      0.500000000    
   0.00000000       0.00000000      -1.00000000      0.500000000    
 Operator number           89
   0.00000000       1.00000000       0.00000000       0.00000000    
   1.00000000       0.00000000       0.00000000       0.00000000    
   0.00000000       0.00000000       1.00000000       0.00000000    
 Operator number           90
   0.00000000       1.00000000       0.00000000       0.00000000    
   1.00000000       0.00000000       0.00000000       0.00000000    
   0.00000000       0.00000000       1.00000000      0.500000000    
 Operator number           91
   0.00000000       1.00000000       0.00000000       0.00000000    
   1.00000000       0.00000000       0.00000000      0.500000000    
   0.00000000       0.00000000       1.00000000       0.00000000    
 Operator number           92
   0.00000000       1.00000000       0.00000000       0.00000000    
   1.00000000       0.00000000       0.00000000      0.500000000    
   0.00000000       0.00000000       1.00000000      0.500000000    
 Operator number           93
   0.00000000       1.00000000       0.00000000      0.500000000    
   1.00000000       0.00000000       0.00000000       0.00000000    
   0.00000000       0.00000000       1.00000000       0.00000000    
 Operator number           94
   0.00000000       1.00000000       0.00000000      0.500000000    
   1.00000000       0.00000000       0.00000000       0.00000000    
   0.00000000       0.00000000       1.00000000      0.500000000    
 Operator number           95
   0.00000000       1.00000000       0.00000000      0.500000000    
   1.00000000       0.00000000       0.00000000      0.500000000    
   0.00000000       0.00000000       1.00000000       0.00000000    
 Operator number           96
   0.00000000       1.00000000       0.00000000      0.500000000    
   1.00000000       0.00000000       0.00000000      0.500000000    
   0.00000000       0.00000000       1.00000000      0.500000000    
 Operator number           97
   0.00000000       0.00000000       1.00000000       0.00000000    
  -1.00000000      -1.00000000      -1.00000000       0.00000000    
   1.00000000       0.00000000       0.00000000       0.00000000    
 Operator number           98
   0.00000000       0.00000000       1.00000000       0.00000000    
  -1.00000000      -1.00000000      -1.00000000       0.00000000    
   1.00000000       0.00000000       0.00000000      0.500000000    
 Operator number           99
   0.00000000       0.00000000       1.00000000       0.00000000    
  -1.00000000      -1.00000000      -1.00000000      0.500000000    
   1.00000000       0.00000000       0.00000000       0.00000000    
 Operator number          100
   0.00000000       0.00000000       1.00000000       0.00000000    
  -1.00000000      -1.00000000      -1.00000000      0.500000000    
   1.00000000       0.00000000       0.00000000      0.500000000    
 Operator number          101
   0.00000000       0.00000000       1.00000000      0.500000000    
  -1.00000000      -1.00000000      -1.00000000       0.00000000    
   1.00000000       0.00000000       0.00000000       0.00000000    
 Operator number          102
   0.00000000       0.00000000       1.00000000      0.500000000    
  -1.00000000      -1.00000000      -1.00000000       0.00000000    
   1.00000000       0.00000000       0.00000000      0.500000000    
 Operator number          103
   0.00000000       0.00000000       1.00000000      0.500000000    
  -1.00000000      -1.00000000      -1.00000000      0.500000000    
   1.00000000       0.00000000       0.00000000       0.00000000    
 Operator number          104
   0.00000000       0.00000000       1.00000000      0.500000000    
  -1.00000000      -1.00000000      -1.00000000      0.500000000    
   1.00000000       0.00000000       0.00000000      0.500000000    
 Operator number          105
   0.00000000       0.00000000      -1.00000000       0.00000000    
   1.00000000       1.00000000       1.00000000       0.00000000    
  -1.00000000       0.00000000       0.00000000       0.00000000    
 Operator number          106
   0.00000000       0.00000000      -1.00000000       0.00000000    
   1.00000000       1.00000000       1.00000000       0.00000000    
  -1.00000000       0.00000000       0.00000000      0.500000000    
 Operator number          107
   0.00000000       0.00000000      -1.00000000       0.00000000    
   1.00000000       1.00000000       1.00000000      0.500000000    
  -1.00000000       0.00000000       0.00000000       0.00000000    
 Operator number          108
   0.00000000       0.00000000      -1.00000000       0.00000000    
   1.00000000       1.00000000       1.00000000      0.500000000    
  -1.00000000       0.00000000       0.00000000      0.500000000    
 Operator number          109
   0.00000000       0.00000000      -1.00000000      0.500000000    
   1.00000000       1.00000000       1.00000000       0.00000000    
  -1.00000000       0.00000000       0.00000000       0.00000000    
 Operator number          110
   0.00000000       0.00000000      -1.00000000      0.500000000    
   1.00000000       1.00000000       1.00000000       0.00000000    
  -1.00000000       0.00000000       0.00000000      0.500000000    
 Operator number          111
   0.00000000       0.00000000      -1.00000000      0.500000000    
   1.00000000       1.00000000       1.00000000      0.500000000    
  -1.00000000       0.00000000       0.00000000       0.00000000    
 Operator number          112
   0.00000000       0.00000000      -1.00000000      0.500000000    
   1.00000000       1.00000000       1.00000000      0.500000000    
  -1.00000000       0.00000000       0.00000000      0.500000000    
 Operator number          113
  -1.00000000       0.00000000       0.00000000       0.00000000    
   0.00000000      -1.00000000       0.00000000       0.00000000    
   1.00000000       1.00000000       1.00000000       0.00000000    
 Operator number          114
  -1.00000000       0.00000000       0.00000000       0.00000000    
   0.00000000      -1.00000000       0.00000000       0.00000000    
   1.00000000       1.00000000       1.00000000      0.500000000    
 Operator number          115
  -1.00000000       0.00000000       0.00000000       0.00000000    
   0.00000000      -1.00000000       0.00000000      0.500000000    
   1.00000000       1.00000000       1.00000000       0.00000000    
 Operator number          116
  -1.00000000       0.00000000       0.00000000       0.00000000    
   0.00000000      -1.00000000       0.00000000      0.500000000    
   1.00000000       1.00000000       1.00000000      0.500000000    
 Operator number          117
  -1.00000000       0.00000000       0.00000000      0.500000000    
   0.00000000      -1.00000000       0.00000000       0.00000000    
   1.00000000       1.00000000       1.00000000       0.00000000    
 Operator number          118
  -1.00000000       0.00000000       0.00000000      0.500000000    
   0.00000000      -1.00000000       0.00000000       0.00000000    
   1.00000000       1.00000000       1.00000000      0.500000000    
 Operator number          119
  -1.00000000       0.00000000       0.00000000      0.500000000    
   0.00000000      -1.00000000       0.00000000      0.500000000    
   1.00000000       1.00000000       1.00000000       0.00000000    
 Operator number          120
  -1.00000000       0.00000000       0.00000000      0.500000000    
   0.00000000      -1.00000000       0.00000000      0.500000000    
   1.00000000       1.00000000       1.00000000      0.500000000    
 Operator number          121
   1.00000000       0.00000000       0.00000000       0.00000000    
   0.00000000       1.00000000       0.00000000       0.00000000    
  -1.00000000      -1.00000000      -1.00000000       0.00000000    
 Operator number          122
   1.00000000       0.00000000       0.00000000       0.00000000    
   0.00000000       1.00000000       0.00000000       0.00000000    
  -1.00000000      -1.00000000      -1.00000000      0.500000000    
 Operator number          123
   1.00000000       0.00000000       0.00000000       0.00000000    
   0.00000000       1.00000000       0.00000000      0.500000000    
  -1.00000000      -1.00000000      -1.00000000       0.00000000    
 Operator number          124
   1.00000000       0.00000000       0.00000000       0.00000000    
   0.00000000       1.00000000       0.00000000      0.500000000    
  -1.00000000      -1.00000000      -1.00000000      0.500000000    
 Operator number          125
   1.00000000       0.00000000       0.00000000      0.500000000    
   0.00000000       1.00000000       0.00000000       0.00000000    
  -1.00000000      -1.00000000      -1.00000000       0.00000000    
 Operator number          126
   1.00000000       0.00000000       0.00000000      0.500000000    
   0.00000000       1.00000000       0.00000000       0.00000000    
  -1.00000000      -1.00000000      -1.00000000      0.500000000    
 Operator number          127
   1.00000000       0.00000000       0.00000000      0.500000000    
   0.00000000       1.00000000       0.00000000      0.500000000    
  -1.00000000      -1.00000000      -1.00000000       0.00000000    
 Operator number          128
   1.00000000       0.00000000       0.00000000      0.500000000    
   0.00000000       1.00000000       0.00000000      0.500000000    
  -1.00000000      -1.00000000      -1.00000000      0.500000000    
 Operator number          129
   0.00000000       0.00000000       1.00000000       0.00000000    
   1.00000000       0.00000000       0.00000000       0.00000000    
   0.00000000       1.00000000       0.00000000       0.00000000    
 Operator number          130
   0.00000000       0.00000000       1.00000000       0.00000000    
   1.00000000       0.00000000       0.00000000       0.00000000    
   0.00000000       1.00000000       0.00000000      0.500000000    
 Operator number          131
   0.00000000       0.00000000       1.00000000       0.00000000    
   1.00000000       0.00000000       0.00000000      0.500000000    
   0.00000000       1.00000000       0.00000000       0.00000000    
 Operator number          132
   0.00000000       0.00000000       1.00000000       0.00000000    
   1.00000000       0.00000000       0.00000000      0.500000000    
   0.00000000       1.00000000       0.00000000      0.500000000    
 Operator number          133
   0.00000000       0.00000000       1.00000000      0.500000000    
   1.00000000       0.00000000       0.00000000       0.00000000    
   0.00000000       1.00000000       0.00000000       0.00000000    
 Operator number          134
   0.00000000       0.00000000       1.00000000      0.500000000    
   1.00000000       0.00000000       0.00000000       0.00000000    
   0.00000000       1.00000000       0.00000000      0.500000000    
 Operator number          135
   0.00000000       0.00000000       1.00000000      0.500000000    
   1.00000000       0.00000000       0.00000000      0.500000000    
   0.00000000       1.00000000       0.00000000       0.00000000    
 Operator number          136
   0.00000000       0.00000000       1.00000000      0.500000000    
   1.00000000       0.00000000       0.00000000      0.500000000    
   0.00000000       1.00000000       0.00000000      0.500000000    
 Operator number          137
   0.00000000       0.00000000      -1.00000000       0.00000000    
  -1.00000000       0.00000000       0.00000000       0.00000000    
   0.00000000      -1.00000000       0.00000000       0.00000000    
 Operator number          138
   0.00000000       0.00000000      -1.00000000       0.00000000    
  -1.00000000       0.00000000       0.00000000       0.00000000    
   0.00000000      -1.00000000       0.00000000      0.500000000    
 Operator number          139
   0.00000000       0.00000000      -1.00000000       0.00000000    
  -1.00000000       0.00000000       0.00000000      0.500000000    
   0.00000000      -1.00000000       0.00000000       0.00000000    
 Operator number          140
   0.00000000       0.00000000      -1.00000000       0.00000000    
  -1.00000000       0.00000000       0.00000000      0.500000000    
   0.00000000      -1.00000000       0.00000000      0.500000000    
 Operator number          141
   0.00000000       0.00000000      -1.00000000      0.500000000    
  -1.00000000       0.00000000       0.00000000       0.00000000    
   0.00000000      -1.00000000       0.00000000       0.00000000    
 Operator number          142
   0.00000000       0.00000000      -1.00000000      0.500000000    
  -1.00000000       0.00000000       0.00000000       0.00000000    
   0.00000000      -1.00000000       0.00000000      0.500000000    
 Operator number          143
   0.00000000       0.00000000      -1.00000000      0.500000000    
  -1.00000000       0.00000000       0.00000000      0.500000000    
   0.00000000      -1.00000000       0.00000000       0.00000000    
 Operator number          144
   0.00000000       0.00000000      -1.00000000      0.500000000    
  -1.00000000       0.00000000       0.00000000      0.500000000    
   0.00000000      -1.00000000       0.00000000      0.500000000    
 Operator number          145
  -1.00000000       0.00000000       0.00000000       0.00000000    
   1.00000000       1.00000000       1.00000000       0.00000000    
   0.00000000       0.00000000      -1.00000000       0.00000000    
 Operator number          146
  -1.00000000       0.00000000       0.00000000       0.00000000    
   1.00000000       1.00000000       1.00000000       0.00000000    
   0.00000000       0.00000000      -1.00000000      0.500000000    
 Operator number          147
  -1.00000000       0.00000000       0.00000000       0.00000000    
   1.00000000       1.00000000       1.00000000      0.500000000    
   0.00000000       0.00000000      -1.00000000       0.00000000    
 Operator number          148
  -1.00000000       0.00000000       0.00000000       0.00000000    
   1.00000000       1.00000000       1.00000000      0.500000000    
   0.00000000       0.00000000      -1.00000000      0.500000000    
 Operator number          149
  -1.00000000       0.00000000       0.00000000      0.500000000    
   1.00000000       1.00000000       1.00000000       0.00000000    
   0.00000000       0.00000000      -1.00000000       0.00000000    
 Operator number          150
  -1.00000000       0.00000000       0.00000000      0.500000000    
   1.00000000       1.00000000       1.00000000       0.00000000    
   0.00000000       0.00000000      -1.00000000      0.500000000    
 Operator number          151
  -1.00000000       0.00000000       0.00000000      0.500000000    
   1.00000000       1.00000000       1.00000000      0.500000000    
   0.00000000       0.00000000      -1.00000000       0.00000000    
 Operator number          152
  -1.00000000       0.00000000       0.00000000      0.500000000    
   1.00000000       1.00000000       1.00000000      0.500000000    
   0.00000000       0.00000000      -1.00000000      0.500000000    
 Operator number          153
   1.00000000       0.00000000       0.00000000       0.00000000    
  -1.00000000      -1.00000000      -1.00000000       0.00000000    
   0.00000000       0.00000000       1.00000000       0.00000000    
 Operator number          154
   1.00000000       0.00000000       0.00000000       0.00000000    
  -1.00000000      -1.00000000      -1.00000000       0.00000000    
   0.00000000       0.00000000       1.00000000      0.500000000    
 Operator number          155
   1.00000000       0.00000000       0.00000000       0.00000000    
  -1.00000000      -1.00000000      -1.00000000      0.500000000    
   0.00000000       0.00000000       1.00000000       0.00000000    
 Operator number          156
   1.00000000       0.00000000       0.00000000       0.00000000    
  -1.00000000      -1.00000000      -1.00000000      0.500000000    
   0.00000000       0.00000000       1.00000000      0.500000000    
 Operator number          157
   1.00000000       0.00000000       0.00000000      0.500000000    
  -1.00000000      -1.00000000      -1.00000000       0.00000000    
   0.00000000       0.00000000       1.00000000       0.00000000    
 Operator number          158
   1.00000000       0.00000000       0.00000000      0.500000000    
  -1.00000000      -1.00000000      -1.00000000       0.00000000    
   0.00000000       0.00000000       1.00000000      0.500000000    
 Operator number          159
   1.00000000       0.00000000       0.00000000      0.500000000    
  -1.00000000      -1.00000000      -1.00000000      0.500000000    
   0.00000000       0.00000000       1.00000000       0.00000000    
 Operator number          160
   1.00000000       0.00000000       0.00000000      0.500000000    
  -1.00000000      -1.00000000      -1.00000000      0.500000000    
   0.00000000       0.00000000       1.00000000      0.500000000    
 Operator number          161
  -1.00000000      -1.00000000      -1.00000000       0.00000000    
   0.00000000       1.00000000       0.00000000       0.00000000    
   1.00000000       0.00000000       0.00000000       0.00000000    
 Operator number          162
  -1.00000000      -1.00000000      -1.00000000       0.00000000    
   0.00000000       1.00000000       0.00000000       0.00000000    
   1.00000000       0.00000000       0.00000000      0.500000000    
 Operator number          163
  -1.00000000      -1.00000000      -1.00000000       0.00000000    
   0.00000000       1.00000000       0.00000000      0.500000000    
   1.00000000       0.00000000       0.00000000       0.00000000    
 Operator number          164
  -1.00000000      -1.00000000      -1.00000000       0.00000000    
   0.00000000       1.00000000       0.00000000      0.500000000    
   1.00000000       0.00000000       0.00000000      0.500000000    
 Operator number          165
  -1.00000000      -1.00000000      -1.00000000      0.500000000    
   0.00000000       1.00000000       0.00000000       0.00000000    
   1.00000000       0.00000000       0.00000000       0.00000000    
 Operator number          166
  -1.00000000      -1.00000000      -1.00000000      0.500000000    
   0.00000000       1.00000000       0.00000000       0.00000000    
   1.00000000       0.00000000       0.00000000      0.500000000    
 Operator number          167
  -1.00000000      -1.00000000      -1.00000000      0.500000000    
   0.00000000       1.00000000       0.00000000      0.500000000    
   1.00000000       0.00000000       0.00000000       0.00000000    
 Operator number          168
  -1.00000000      -1.00000000      -1.00000000      0.500000000    
   0.00000000       1.00000000       0.00000000      0.500000000    
   1.00000000       0.00000000       0.00000000      0.500000000    
 Operator number          169
   1.00000000       1.00000000       1.00000000       0.00000000    
   0.00000000      -1.00000000       0.00000000       0.00000000    
  -1.00000000       0.00000000       0.00000000       0.00000000    
 Operator number          170
   1.00000000       1.00000000       1.00000000       0.00000000    
   0.00000000      -1.00000000       0.00000000       0.00000000    
  -1.00000000       0.00000000       0.00000000      0.500000000    
 Operator number          171
   1.00000000       1.00000000       1.00000000       0.00000000    
   0.00000000      -1.00000000       0.00000000      0.500000000    
  -1.00000000       0.00000000       0.00000000       0.00000000    
 Operator number          172
   1.00000000       1.00000000       1.00000000       0.00000000    
   0.00000000      -1.00000000       0.00000000      0.500000000    
  -1.00000000       0.00000000       0.00000000      0.500000000    
 Operator number          173
   1.00000000       1.00000000       1.00000000      0.500000000    
   0.00000000      -1.00000000       0.00000000       0.00000000    
  -1.00000000       0.00000000       0.00000000       0.00000000    
 Operator number          174
   1.00000000       1.00000000       1.00000000      0.500000000    
   0.00000000      -1.00000000       0.00000000       0.00000000    
  -1.00000000       0.00000000       0.00000000      0.500000000    
 Operator number          175
   1.00000000       1.00000000       1.00000000      0.500000000    
   0.00000000      -1.00000000       0.00000000      0.500000000    
  -1.00000000       0.00000000       0.00000000       0.00000000    
 Operator number          176
   1.00000000       1.00000000       1.00000000      0.500000000    
   0.00000000      -1.00000000       0.00000000      0.500000000    
  -1.00000000       0.00000000       0.00000000      0.500000000    
 Operator number          177
   0.00000000      -1.00000000       0.00000000       0.00000000    
   0.00000000       0.00000000      -1.00000000       0.00000000    
   1.00000000       1.00000000       1.00000000       0.00000000    
 Operator number          178
   0.00000000      -1.00000000       0.00000000       0.00000000    
   0.00000000       0.00000000      -1.00000000       0.00000000    
   1.00000000       1.00000000       1.00000000      0.500000000    
 Operator number          179
   0.00000000      -1.00000000       0.00000000       0.00000000    
   0.00000000       0.00000000      -1.00000000      0.500000000    
   1.00000000       1.00000000       1.00000000       0.00000000    
 Operator number          180
   0.00000000      -1.00000000       0.00000000       0.00000000    
   0.00000000       0.00000000      -1.00000000      0.500000000    
   1.00000000       1.00000000       1.00000000      0.500000000    
 Operator number          181
   0.00000000      -1.00000000       0.00000000      0.500000000    
   0.00000000       0.00000000      -1.00000000       0.00000000    
   1.00000000       1.00000000       1.00000000       0.00000000    
 Operator number          182
   0.00000000      -1.00000000       0.00000000      0.500000000    
   0.00000000       0.00000000      -1.00000000       0.00000000    
   1.00000000       1.00000000       1.00000000      0.500000000    
 Operator number          183
   0.00000000      -1.00000000       0.00000000      0.500000000    
   0.00000000       0.00000000      -1.00000000      0.500000000    
   1.00000000       1.00000000       1.00000000       0.00000000    
 Operator number          184
   0.00000000      -1.00000000       0.00000000      0.500000000    
   0.00000000       0.00000000      -1.00000000      0.500000000    
   1.00000000       1.00000000       1.00000000      0.500000000    
 Operator number          185
   0.00000000       1.00000000       0.00000000       0.00000000    
   0.00000000       0.00000000       1.00000000       0.00000000    
  -1.00000000      -1.00000000      -1.00000000       0.00000000    
 Operator number          186
   0.00000000       1.00000000       0.00000000       0.00000000    
   0.00000000       0.00000000       1.00000000       0.00000000    
  -1.00000000      -1.00000000      -1.00000000      0.500000000    
 Operator number          187
   0.00000000       1.00000000       0.00000000       0.00000000    
   0.00000000       0.00000000       1.00000000      0.500000000    
  -1.00000000      -1.00000000      -1.00000000       0.00000000    
 Operator number          188
   0.00000000       1.00000000       0.00000000       0.00000000    
   0.00000000       0.00000000       1.00000000      0.500000000    
  -1.00000000      -1.00000000      -1.00000000      0.500000000    
 Operator number          189
   0.00000000       1.00000000       0.00000000      0.500000000    
   0.00000000       0.00000000       1.00000000       0.00000000    
  -1.00000000      -1.00000000      -1.00000000       0.00000000    
 Operator number          190
   0.00000000       1.00000000       0.00000000      0.500000000    
   0.00000000       0.00000000       1.00000000       0.00000000    
  -1.00000000      -1.00000000      -1.00000000      0.500000000    
 Operator number          191
   0.00000000       1.00000000       0.00000000      0.500000000    
   0.00000000       0.00000000       1.00000000      0.500000000    
  -1.00000000      -1.00000000      -1.00000000       0.00000000    
 Operator number          192
   0.00000000       1.00000000       0.00000000      0.500000000    
   0.00000000       0.00000000       1.00000000      0.500000000    
  -1.00000000      -1.00000000      -1.00000000      0.500000000    
 Operator number          193
   0.00000000       1.00000000       0.00000000       0.00000000    
  -1.00000000      -1.00000000      -1.00000000       0.00000000    
   0.00000000       0.00000000       1.00000000       0.00000000    
 Operator number          194
   0.00000000       1.00000000       0.00000000       0.00000000    
  -1.00000000      -1.00000000      -1.00000000       0.00000000    
   0.00000000       0.00000000       1.00000000      0.500000000    
 Operator number          195
   0.00000000       1.00000000       0.00000000       0.00000000    
  -1.00000000      -1.00000000      -1.00000000      0.500000000    
   0.00000000       0.00000000       1.00000000       0.00000000    
 Operator number          196
   0.00000000       1.00000000       0.00000000       0.00000000    
  -1.00000000      -1.00000000      -1.00000000      0.500000000    
   0.00000000       0.00000000       1.00000000      0.500000000    
 Operator number          197
   0.00000000       1.00000000       0.00000000      0.500000000    
  -1.00000000      -1.00000000      -1.00000000       0.00000000    
   0.00000000       0.00000000       1.00000000       0.00000000    
 Operator number          198
   0.00000000       1.00000000       0.00000000      0.500000000    
  -1.00000000      -1.00000000      -1.00000000       0.00000000    
   0.00000000       0.00000000       1.00000000      0.500000000    
 Operator number          199
   0.00000000       1.00000000       0.00000000      0.500000000    
  -1.00000000      -1.00000000      -1.00000000      0.500000000    
   0.00000000       0.00000000       1.00000000       0.00000000    
 Operator number          200
   0.00000000       1.00000000       0.00000000      0.500000000    
  -1.00000000      -1.00000000      -1.00000000      0.500000000    
   0.00000000       0.00000000       1.00000000      0.500000000    
 Operator number          201
   0.00000000      -1.00000000       0.00000000       0.00000000    
   1.00000000       1.00000000       1.00000000       0.00000000    
   0.00000000       0.00000000      -1.00000000       0.00000000    
 Operator number          202
   0.00000000      -1.00000000       0.00000000       0.00000000    
   1.00000000       1.00000000       1.00000000       0.00000000    
   0.00000000       0.00000000      -1.00000000      0.500000000    
 Operator number          203
   0.00000000      -1.00000000       0.00000000       0.00000000    
   1.00000000       1.00000000       1.00000000      0.500000000    
   0.00000000       0.00000000      -1.00000000       0.00000000    
 Operator number          204
   0.00000000      -1.00000000       0.00000000       0.00000000    
   1.00000000       1.00000000       1.00000000      0.500000000    
   0.00000000       0.00000000      -1.00000000      0.500000000    
 Operator number          205
   0.00000000      -1.00000000       0.00000000      0.500000000    
   1.00000000       1.00000000       1.00000000       0.00000000    
   0.00000000       0.00000000      -1.00000000       0.00000000    
 Operator number          206
   0.00000000      -1.00000000       0.00000000      0.500000000    
   1.00000000       1.00000000       1.00000000       0.00000000    
   0.00000000       0.00000000      -1.00000000      0.500000000    
 Operator number          207
   0.00000000      -1.00000000       0.00000000      0.500000000    
   1.00000000       1.00000000       1.00000000      0.500000000    
   0.00000000       0.00000000      -1.00000000       0.00000000    
 Operator number          208
   0.00000000      -1.00000000       0.00000000      0.500000000    
   1.00000000       1.00000000       1.00000000      0.500000000    
   0.00000000       0.00000000      -1.00000000      0.500000000    
 Operator number          209
   0.00000000       0.00000000      -1.00000000       0.00000000    
   0.00000000      -1.00000000       0.00000000       0.00000000    
  -1.00000000       0.00000000       0.00000000       0.00000000    
 Operator number          210
   0.00000000       0.00000000      -1.00000000       0.00000000    
   0.00000000      -1.00000000       0.00000000       0.00000000    
  -1.00000000       0.00000000       0.00000000      0.500000000    
 Operator number          211
   0.00000000       0.00000000      -1.00000000       0.00000000    
   0.00000000      -1.00000000       0.00000000      0.500000000    
  -1.00000000       0.00000000       0.00000000       0.00000000    
 Operator number          212
   0.00000000       0.00000000      -1.00000000       0.00000000    
   0.00000000      -1.00000000       0.00000000      0.500000000    
  -1.00000000       0.00000000       0.00000000      0.500000000    
 Operator number          213
   0.00000000       0.00000000      -1.00000000      0.500000000    
   0.00000000      -1.00000000       0.00000000       0.00000000    
  -1.00000000       0.00000000       0.00000000       0.00000000    
 Operator number          214
   0.00000000       0.00000000      -1.00000000      0.500000000    
   0.00000000      -1.00000000       0.00000000       0.00000000    
  -1.00000000       0.00000000       0.00000000      0.500000000    
 Operator number          215
   0.00000000       0.00000000      -1.00000000      0.500000000    
   0.00000000      -1.00000000       0.00000000      0.500000000    
  -1.00000000       0.00000000       0.00000000       0.00000000    
 Operator number          216
   0.00000000       0.00000000      -1.00000000      0.500000000    
   0.00000000      -1.00000000       0.00000000      0.500000000    
  -1.00000000       0.00000000       0.00000000      0.500000000    
 Operator number          217
   0.00000000       0.00000000       1.00000000       0.00000000    
   0.00000000       1.00000000       0.00000000       0.00000000    
   1.00000000       0.00000000       0.00000000       0.00000000    
 Operator number          218
   0.00000000       0.00000000       1.00000000       0.00000000    
   0.00000000       1.00000000       0.00000000       0.00000000    
   1.00000000       0.00000000       0.00000000      0.500000000    
 Operator number          219
   0.00000000       0.00000000       1.00000000       0.00000000    
   0.00000000       1.00000000       0.00000000      0.500000000    
   1.00000000       0.00000000       0.00000000       0.00000000    
 Operator number          220
   0.00000000       0.00000000       1.00000000       0.00000000    
   0.00000000       1.00000000       0.00000000      0.500000000    
   1.00000000       0.00000000       0.00000000      0.500000000    
 Operator number          221
   0.00000000       0.00000000       1.00000000      0.500000000    
   0.00000000       1.00000000       0.00000000       0.00000000    
   1.00000000       0.00000000       0.00000000       0.00000000    
 Operator number          222
   0.00000000       0.00000000       1.00000000      0.500000000    
   0.00000000       1.00000000       0.00000000       0.00000000    
   1.00000000       0.00000000       0.00000000      0.500000000    
 Operator number          223
   0.00000000       0.00000000       1.00000000      0.500000000    
   0.00000000       1.00000000       0.00000000      0.500000000    
   1.00000000       0.00000000       0.00000000       0.00000000    
 Operator number          224
   0.00000000       0.00000000       1.00000000      0.500000000    
   0.00000000       1.00000000       0.00000000      0.500000000    
   1.00000000       0.00000000       0.00000000      0.500000000    
 Operator number          225
   1.00000000       0.00000000       0.00000000       0.00000000    
   0.00000000       0.00000000       1.00000000       0.00000000    
  -1.00000000      -1.00000000      -1.00000000       0.00000000    
 Operator number          226
   1.00000000       0.00000000       0.00000000       0.00000000    
   0.00000000       0.00000000       1.00000000       0.00000000    
  -1.00000000      -1.00000000      -1.00000000      0.500000000    
 Operator number          227
   1.00000000       0.00000000       0.00000000       0.00000000    
   0.00000000       0.00000000       1.00000000      0.500000000    
  -1.00000000      -1.00000000      -1.00000000       0.00000000    
 Operator number          228
   1.00000000       0.00000000       0.00000000       0.00000000    
   0.00000000       0.00000000       1.00000000      0.500000000    
  -1.00000000      -1.00000000      -1.00000000      0.500000000    
 Operator number          229
   1.00000000       0.00000000       0.00000000      0.500000000    
   0.00000000       0.00000000       1.00000000       0.00000000    
  -1.00000000      -1.00000000      -1.00000000       0.00000000    
 Operator number          230
   1.00000000       0.00000000       0.00000000      0.500000000    
   0.00000000       0.00000000       1.00000000       0.00000000    
  -1.00000000      -1.00000000      -1.00000000      0.500000000    
 Operator number          231
   1.00000000       0.00000000       0.00000000      0.500000000    
   0.00000000       0.00000000       1.00000000      0.500000000    
  -1.00000000      -1.00000000      -1.00000000       0.00000000    
 Operator number          232
   1.00000000       0.00000000       0.00000000      0.500000000    
   0.00000000       0.00000000       1.00000000      0.500000000    
  -1.00000000      -1.00000000      -1.00000000      0.500000000    
 Operator number          233
  -1.00000000       0.00000000       0.00000000       0.00000000    
   0.00000000       0.00000000      -1.00000000       0.00000000    
   1.00000000       1.00000000       1.00000000       0.00000000    
 Operator number          234
  -1.00000000       0.00000000       0.00000000       0.00000000    
   0.00000000       0.00000000      -1.00000000       0.00000000    
   1.00000000       1.00000000       1.00000000      0.500000000    
 Operator number          235
  -1.00000000       0.00000000       0.00000000       0.00000000    
   0.00000000       0.00000000      -1.00000000      0.500000000    
   1.00000000       1.00000000       1.00000000       0.00000000    
 Operator number          236
  -1.00000000       0.00000000       0.00000000       0.00000000    
   0.00000000       0.00000000      -1.00000000      0.500000000    
   1.00000000       1.00000000       1.00000000      0.500000000    
 Operator number          237
  -1.00000000       0.00000000       0.00000000      0.500000000    
   0.00000000       0.00000000      -1.00000000       0.00000000    
   1.00000000       1.00000000       1.00000000       0.00000000    
 Operator number          238
  -1.00000000       0.00000000       0.00000000      0.500000000    
   0.00000000       0.00000000      -1.00000000       0.00000000    
   1.00000000       1.00000000       1.00000000      0.500000000    
 Operator number          239
  -1.00000000       0.00000000       0.00000000      0.500000000    
   0.00000000       0.00000000      -1.00000000      0.500000000    
   1.00000000       1.00000000       1.00000000       0.00000000    
 Operator number          240
  -1.00000000       0.00000000       0.00000000      0.500000000    
   0.00000000       0.00000000      -1.00000000      0.500000000    
   1.00000000       1.00000000       1.00000000      0.500000000    
 Operator number          241
   1.00000000       1.00000000       1.00000000       0.00000000    
  -1.00000000       0.00000000       0.00000000       0.00000000    
   0.00000000      -1.00000000       0.00000000       0.00000000    
 Operator number          242
   1.00000000       1.00000000       1.00000000       0.00000000    
  -1.00000000       0.00000000       0.00000000       0.00000000    
   0.00000000      -1.00000000       0.00000000      0.500000000    
 Operator number          243
   1.00000000       1.00000000       1.00000000       0.00000000    
  -1.00000000       0.00000000       0.00000000      0.500000000    
   0.00000000      -1.00000000       0.00000000       0.00000000    
 Operator number          244
   1.00000000       1.00000000       1.00000000       0.00000000    
  -1.00000000       0.00000000       0.00000000      0.500000000    
   0.00000000      -1.00000000       0.00000000      0.500000000    
 Operator number          245
   1.00000000       1.00000000       1.00000000      0.500000000    
  -1.00000000       0.00000000       0.00000000       0.00000000    
   0.00000000      -1.00000000       0.00000000       0.00000000    
 Operator number          246
   1.00000000       1.00000000       1.00000000      0.500000000    
  -1.00000000       0.00000000       0.00000000       0.00000000    
   0.00000000      -1.00000000       0.00000000      0.500000000    
 Operator number          247
   1.00000000       1.00000000       1.00000000      0.500000000    
  -1.00000000       0.00000000       0.00000000      0.500000000    
   0.00000000      -1.00000000       0.00000000       0.00000000    
 Operator number          248
   1.00000000       1.00000000       1.00000000      0.500000000    
  -1.00000000       0.00000000       0.00000000      0.500000000    
   0.00000000      -1.00000000       0.00000000      0.500000000    
 Operator number          249
  -1.00000000      -1.00000000      -1.00000000       0.00000000    
   1.00000000       0.00000000       0.00000000       0.00000000    
   0.00000000       1.00000000       0.00000000       0.00000000    
 Operator number          250
  -1.00000000      -1.00000000      -1.00000000       0.00000000    
   1.00000000       0.00000000       0.00000000       0.00000000    
   0.00000000       1.00000000       0.00000000      0.500000000    
 Operator number          251
  -1.00000000      -1.00000000      -1.00000000       0.00000000    
   1.00000000       0.00000000       0.00000000      0.500000000    
   0.00000000       1.00000000       0.00000000       0.00000000    
 Operator number          252
  -1.00000000      -1.00000000      -1.00000000       0.00000000    
   1.00000000       0.00000000       0.00000000      0.500000000    
   0.00000000       1.00000000       0.00000000      0.500000000    
 Operator number          253
  -1.00000000      -1.00000000      -1.00000000      0.500000000    
   1.00000000       0.00000000       0.00000000       0.00000000    
   0.00000000       1.00000000       0.00000000       0.00000000    
 Operator number          254
  -1.00000000      -1.00000000      -1.00000000      0.500000000    
   1.00000000       0.00000000       0.00000000       0.00000000    
   0.00000000       1.00000000       0.00000000      0.500000000    
 Operator number          255
  -1.00000000      -1.00000000      -1.00000000      0.500000000    
   1.00000000       0.00000000       0.00000000      0.500000000    
   0.00000000       1.00000000       0.00000000       0.00000000    
 Operator number          256
  -1.00000000      -1.00000000      -1.00000000      0.500000000    
   1.00000000       0.00000000       0.00000000      0.500000000    
   0.00000000       1.00000000       0.00000000      0.500000000    
 Operator number          257
   0.00000000       1.00000000       0.00000000       0.00000000    
   0.00000000       0.00000000       1.00000000       0.00000000    
   1.00000000       0.00000000       0.00000000       0.00000000    
 Operator number          258
   0.00000000       1.00000000       0.00000000       0.00000000    
   0.00000000       0.00000000       1.00000000       0.00000000    
   1.00000000       0.00000000       0.00000000      0.500000000    
 Operator number          259
   0.00000000       1.00000000       0.00000000       0.00000000    
   0.00000000       0.00000000       1.00000000      0.500000000    
   1.00000000       0.00000000       0.00000000       0.00000000    
 Operator number          260
   0.00000000       1.00000000       0.00000000       0.00000000    
   0.00000000       0.00000000       1.00000000      0.500000000    
   1.00000000       0.00000000       0.00000000      0.500000000    
 Operator number          261
   0.00000000       1.00000000       0.00000000      0.500000000    
   0.00000000       0.00000000       1.00000000       0.00000000    
   1.00000000       0.00000000       0.00000000       0.00000000    
 Operator number          262
   0.00000000       1.00000000       0.00000000      0.500000000    
   0.00000000       0.00000000       1.00000000       0.00000000    
   1.00000000       0.00000000       0.00000000      0.500000000    
 Operator number          263
   0.00000000       1.00000000       0.00000000      0.500000000    
   0.00000000       0.00000000       1.00000000      0.500000000    
   1.00000000       0.00000000       0.00000000       0.00000000    
 Operator number          264
   0.00000000       1.00000000       0.00000000      0.500000000    
   0.00000000       0.00000000       1.00000000      0.500000000    
   1.00000000       0.00000000       0.00000000      0.500000000    
 Operator number          265
   0.00000000      -1.00000000       0.00000000       0.00000000    
   0.00000000       0.00000000      -1.00000000       0.00000000    
  -1.00000000       0.00000000       0.00000000       0.00000000    
 Operator number          266
   0.00000000      -1.00000000       0.00000000       0.00000000    
   0.00000000       0.00000000      -1.00000000       0.00000000    
  -1.00000000       0.00000000       0.00000000      0.500000000    
 Operator number          267
   0.00000000      -1.00000000       0.00000000       0.00000000    
   0.00000000       0.00000000      -1.00000000      0.500000000    
  -1.00000000       0.00000000       0.00000000       0.00000000    
 Operator number          268
   0.00000000      -1.00000000       0.00000000       0.00000000    
   0.00000000       0.00000000      -1.00000000      0.500000000    
  -1.00000000       0.00000000       0.00000000      0.500000000    
 Operator number          269
   0.00000000      -1.00000000       0.00000000      0.500000000    
   0.00000000       0.00000000      -1.00000000       0.00000000    
  -1.00000000       0.00000000       0.00000000       0.00000000    
 Operator number          270
   0.00000000      -1.00000000       0.00000000      0.500000000    
   0.00000000       0.00000000      -1.00000000       0.00000000    
  -1.00000000       0.00000000       0.00000000      0.500000000    
 Operator number          271
   0.00000000      -1.00000000       0.00000000      0.500000000    
   0.00000000       0.00000000      -1.00000000      0.500000000    
  -1.00000000       0.00000000       0.00000000       0.00000000    
 Operator number          272
   0.00000000      -1.00000000       0.00000000      0.500000000    
   0.00000000       0.00000000      -1.00000000      0.500000000    
  -1.00000000       0.00000000       0.00000000      0.500000000    
 Operator number          273
   0.00000000       0.00000000      -1.00000000       0.00000000    
  -1.00000000       0.00000000       0.00000000       0.00000000    
   1.00000000       1.00000000       1.00000000       0.00000000    
 Operator number          274
   0.00000000       0.00000000      -1.00000000       0.00000000    
  -1.00000000       0.00000000       0.00000000       0.00000000    
   1.00000000       1.00000000       1.00000000      0.500000000    
 Operator number          275
   0.00000000       0.00000000      -1.00000000       0.00000000    
  -1.00000000       0.00000000       0.00000000      0.500000000    
   1.00000000       1.00000000       1.00000000       0.00000000    
 Operator number          276
   0.00000000       0.00000000      -1.00000000       0.00000000    
  -1.00000000       0.00000000       0.00000000      0.500000000    
   1.00000000       1.00000000       1.00000000      0.500000000    
 Operator number          277
   0.00000000       0.00000000      -1.00000000      0.500000000    
  -1.00000000       0.00000000       0.00000000       0.00000000    
   1.00000000       1.00000000       1.00000000       0.00000000    
 Operator number          278
   0.00000000       0.00000000      -1.00000000      0.500000000    
  -1.00000000       0.00000000       0.00000000       0.00000000    
   1.00000000       1.00000000       1.00000000      0.500000000    
 Operator number          279
   0.00000000       0.00000000      -1.00000000      0.500000000    
  -1.00000000       0.00000000       0.00000000      0.500000000    
   1.00000000       1.00000000       1.00000000       0.00000000    
 Operator number          280
   0.00000000       0.00000000      -1.00000000      0.500000000    
  -1.00000000       0.00000000       0.00000000      0.500000000    
   1.00000000       1.00000000       1.00000000      0.500000000    
 Operator number          281
   0.00000000       0.00000000       1.00000000       0.00000000    
   1.00000000       0.00000000       0.00000000       0.00000000    
  -1.00000000      -1.00000000      -1.00000000       0.00000000    
 Operator number          282
   0.00000000       0.00000000       1.00000000       0.00000000    
   1.00000000       0.00000000       0.00000000       0.00000000    
  -1.00000000      -1.00000000      -1.00000000      0.500000000    
 Operator number          283
   0.00000000       0.00000000       1.00000000       0.00000000    
   1.00000000       0.00000000       0.00000000      0.500000000    
  -1.00000000      -1.00000000      -1.00000000       0.00000000    
 Operator number          284
   0.00000000       0.00000000       1.00000000       0.00000000    
   1.00000000       0.00000000       0.00000000      0.500000000    
  -1.00000000      -1.00000000      -1.00000000      0.500000000    
 Operator number          285
   0.00000000       0.00000000       1.00000000      0.500000000    
   1.00000000       0.00000000       0.00000000       0.00000000    
  -1.00000000      -1.00000000      -1.00000000       0.00000000    
 Operator number          286
   0.00000000       0.00000000       1.00000000      0.500000000    
   1.00000000       0.00000000       0.00000000       0.00000000    
  -1.00000000      -1.00000000      -1.00000000      0.500000000    
 Operator number          287
   0.00000000       0.00000000       1.00000000      0.500000000    
   1.00000000       0.00000000       0.00000000      0.500000000    
  -1.00000000      -1.00000000      -1.00000000       0.00000000    
 Operator number          288
   0.00000000       0.00000000       1.00000000      0.500000000    
   1.00000000       0.00000000       0.00000000      0.500000000    
  -1.00000000      -1.00000000      -1.00000000      0.500000000    
 Operator number          289
   1.00000000       0.00000000       0.00000000       0.00000000    
  -1.00000000      -1.00000000      -1.00000000       0.00000000    
   0.00000000       1.00000000       0.00000000       0.00000000    
 Operator number          290
   1.00000000       0.00000000       0.00000000       0.00000000    
  -1.00000000      -1.00000000      -1.00000000       0.00000000    
   0.00000000       1.00000000       0.00000000      0.500000000    
 Operator number          291
   1.00000000       0.00000000       0.00000000       0.00000000    
  -1.00000000      -1.00000000      -1.00000000      0.500000000    
   0.00000000       1.00000000       0.00000000       0.00000000    
 Operator number          292
   1.00000000       0.00000000       0.00000000       0.00000000    
  -1.00000000      -1.00000000      -1.00000000      0.500000000    
   0.00000000       1.00000000       0.00000000      0.500000000    
 Operator number          293
   1.00000000       0.00000000       0.00000000      0.500000000    
  -1.00000000      -1.00000000      -1.00000000       0.00000000    
   0.00000000       1.00000000       0.00000000       0.00000000    
 Operator number          294
   1.00000000       0.00000000       0.00000000      0.500000000    
  -1.00000000      -1.00000000      -1.00000000       0.00000000    
   0.00000000       1.00000000       0.00000000      0.500000000    
 Operator number          295
   1.00000000       0.00000000       0.00000000      0.500000000    
  -1.00000000      -1.00000000      -1.00000000      0.500000000    
   0.00000000       1.00000000       0.00000000       0.00000000    
 Operator number          296
   1.00000000       0.00000000       0.00000000      0.500000000    
  -1.00000000      -1.00000000      -1.00000000      0.500000000    
   0.00000000       1.00000000       0.00000000      0.500000000    
 Operator number          297
  -1.00000000       0.00000000       0.00000000       0.00000000    
   1.00000000       1.00000000       1.00000000       0.00000000    
   0.00000000      -1.00000000       0.00000000       0.00000000    
 Operator number          298
  -1.00000000       0.00000000       0.00000000       0.00000000    
   1.00000000       1.00000000       1.00000000       0.00000000    
   0.00000000      -1.00000000       0.00000000      0.500000000    
 Operator number          299
  -1.00000000       0.00000000       0.00000000       0.00000000    
   1.00000000       1.00000000       1.00000000      0.500000000    
   0.00000000      -1.00000000       0.00000000       0.00000000    
 Operator number          300
  -1.00000000       0.00000000       0.00000000       0.00000000    
   1.00000000       1.00000000       1.00000000      0.500000000    
   0.00000000      -1.00000000       0.00000000      0.500000000    
 Operator number          301
  -1.00000000       0.00000000       0.00000000      0.500000000    
   1.00000000       1.00000000       1.00000000       0.00000000    
   0.00000000      -1.00000000       0.00000000       0.00000000    
 Operator number          302
  -1.00000000       0.00000000       0.00000000      0.500000000    
   1.00000000       1.00000000       1.00000000       0.00000000    
   0.00000000      -1.00000000       0.00000000      0.500000000    
 Operator number          303
  -1.00000000       0.00000000       0.00000000      0.500000000    
   1.00000000       1.00000000       1.00000000      0.500000000    
   0.00000000      -1.00000000       0.00000000       0.00000000    
 Operator number          304
  -1.00000000       0.00000000       0.00000000      0.500000000    
   1.00000000       1.00000000       1.00000000      0.500000000    
   0.00000000      -1.00000000       0.00000000      0.500000000    
 Operator number          305
   1.00000000       1.00000000       1.00000000       0.00000000    
   0.00000000      -1.00000000       0.00000000       0.00000000    
   0.00000000       0.00000000      -1.00000000       0.00000000    
 Operator number          306
   1.00000000       1.00000000       1.00000000       0.00000000    
   0.00000000      -1.00000000       0.00000000       0.00000000    
   0.00000000       0.00000000      -1.00000000      0.500000000    
 Operator number          307
   1.00000000       1.00000000       1.00000000       0.00000000    
   0.00000000      -1.00000000       0.00000000      0.500000000    
   0.00000000       0.00000000      -1.00000000       0.00000000    
 Operator number          308
   1.00000000       1.00000000       1.00000000       0.00000000    
   0.00000000      -1.00000000       0.00000000      0.500000000    
   0.00000000       0.00000000      -1.00000000      0.500000000    
 Operator number          309
   1.00000000       1.00000000       1.00000000      0.500000000    
   0.00000000      -1.00000000       0.00000000       0.00000000    
   0.00000000       0.00000000      -1.00000000       0.00000000    
 Operator number          310
   1.00000000       1.00000000       1.00000000      0.500000000    
   0.00000000      -1.00000000       0.00000000       0.00000000    
   0.00000000       0.00000000      -1.00000000      0.500000000    
 Operator number          311
   1.00000000       1.00000000       1.00000000      0.500000000    
   0.00000000      -1.00000000       0.00000000      0.500000000    
   0.00000000       0.00000000      -1.00000000       0.00000000    
 Operator number          312
   1.00000000       1.00000000       1.00000000      0.500000000    
   0.00000000      -1.00000000       0.00000000      0.500000000    
   0.00000000       0.00000000      -1.00000000      0.500000000    
 Operator number          313
  -1.00000000      -1.00000000      -1.00000000       0.00000000    
   0.00000000       1.00000000       0.00000000       0.00000000    
   0.00000000       0.00000000       1.00000000       0.00000000    
 Operator number          314
  -1.00000000      -1.00000000      -1.00000000       0.00000000    
   0.00000000       1.00000000       0.00000000       0.00000000    
   0.00000000       0.00000000       1.00000000      0.500000000    
 Operator number          315
  -1.00000000      -1.00000000      -1.00000000       0.00000000    
   0.00000000       1.00000000       0.00000000      0.500000000    
   0.00000000       0.00000000       1.00000000       0.00000000    
 Operator number          316
  -1.00000000      -1.00000000      -1.00000000       0.00000000    
   0.00000000       1.00000000       0.00000000      0.500000000    
   0.00000000       0.00000000       1.00000000      0.500000000    
 Operator number          317
  -1.00000000      -1.00000000      -1.00000000      0.500000000    
   0.00000000       1.00000000       0.00000000       0.00000000    
   0.00000000       0.00000000       1.00000000       0.00000000    
 Operator number          318
  -1.00000000      -1.00000000      -1.00000000      0.500000000    
   0.00000000       1.00000000       0.00000000       0.00000000    
   0.00000000       0.00000000       1.00000000      0.500000000    
 Operator number          319
  -1.00000000      -1.00000000      -1.00000000      0.500000000    
   0.00000000       1.00000000       0.00000000      0.500000000    
   0.00000000       0.00000000       1.00000000       0.00000000    
 Operator number          320
  -1.00000000      -1.00000000      -1.00000000      0.500000000    
   0.00000000       1.00000000       0.00000000      0.500000000    
   0.00000000       0.00000000       1.00000000      0.500000000    
 Operator number          321
   0.00000000       0.00000000       1.00000000       0.00000000    
   0.00000000       1.00000000       0.00000000       0.00000000    
  -1.00000000      -1.00000000      -1.00000000       0.00000000    
 Operator number          322
   0.00000000       0.00000000       1.00000000       0.00000000    
   0.00000000       1.00000000       0.00000000       0.00000000    
  -1.00000000      -1.00000000      -1.00000000      0.500000000    
 Operator number          323
   0.00000000       0.00000000       1.00000000       0.00000000    
   0.00000000       1.00000000       0.00000000      0.500000000    
  -1.00000000      -1.00000000      -1.00000000       0.00000000    
 Operator number          324
   0.00000000       0.00000000       1.00000000       0.00000000    
   0.00000000       1.00000000       0.00000000      0.500000000    
  -1.00000000      -1.00000000      -1.00000000      0.500000000    
 Operator number          325
   0.00000000       0.00000000       1.00000000      0.500000000    
   0.00000000       1.00000000       0.00000000       0.00000000    
  -1.00000000      -1.00000000      -1.00000000       0.00000000    
 Operator number          326
   0.00000000       0.00000000       1.00000000      0.500000000    
   0.00000000       1.00000000       0.00000000       0.00000000    
  -1.00000000      -1.00000000      -1.00000000      0.500000000    
 Operator number          327
   0.00000000       0.00000000       1.00000000      0.500000000    
   0.00000000       1.00000000       0.00000000      0.500000000    
  -1.00000000      -1.00000000      -1.00000000       0.00000000    
 Operator number          328
   0.00000000       0.00000000       1.00000000      0.500000000    
   0.00000000       1.00000000       0.00000000      0.500000000    
  -1.00000000      -1.00000000      -1.00000000      0.500000000    
 Operator number          329
   0.00000000       0.00000000      -1.00000000       0.00000000    
   0.00000000      -1.00000000       0.00000000       0.00000000    
   1.00000000       1.00000000       1.00000000       0.00000000    
 Operator number          330
   0.00000000       0.00000000      -1.00000000       0.00000000    
   0.00000000      -1.00000000       0.00000000       0.00000000    
   1.00000000       1.00000000       1.00000000      0.500000000    
 Operator number          331
   0.00000000       0.00000000      -1.00000000       0.00000000    
   0.00000000      -1.00000000       0.00000000      0.500000000    
   1.00000000       1.00000000       1.00000000       0.00000000    
 Operator number          332
   0.00000000       0.00000000      -1.00000000       0.00000000    
   0.00000000      -1.00000000       0.00000000      0.500000000    
   1.00000000       1.00000000       1.00000000      0.500000000    
 Operator number          333
   0.00000000       0.00000000      -1.00000000      0.500000000    
   0.00000000      -1.00000000       0.00000000       0.00000000    
   1.00000000       1.00000000       1.00000000       0.00000000    
 Operator number          334
   0.00000000       0.00000000      -1.00000000      0.500000000    
   0.00000000      -1.00000000       0.00000000       0.00000000    
   1.00000000       1.00000000       1.00000000      0.500000000    
 Operator number          335
   0.00000000       0.00000000      -1.00000000      0.500000000    
   0.00000000      -1.00000000       0.00000000      0.500000000    
   1.00000000       1.00000000       1.00000000       0.00000000    
 Operator number          336
   0.00000000       0.00000000      -1.00000000      0.500000000    
   0.00000000      -1.00000000       0.00000000      0.500000000    
   1.00000000       1.00000000       1.00000000      0.500000000    
 Operator number          337
  -1.00000000       0.00000000       0.00000000       0.00000000    
   0.00000000       0.00000000      -1.00000000       0.00000000    
   0.00000000      -1.00000000       0.00000000       0.00000000    
 Operator number          338
  -1.00000000       0.00000000       0.00000000       0.00000000    
   0.00000000       0.00000000      -1.00000000       0.00000000    
   0.00000000      -1.00000000       0.00000000      0.500000000    
 Operator number          339
  -1.00000000       0.00000000       0.00000000       0.00000000    
   0.00000000       0.00000000      -1.00000000      0.500000000    
   0.00000000      -1.00000000       0.00000000       0.00000000    
 Operator number          340
  -1.00000000       0.00000000       0.00000000       0.00000000    
   0.00000000       0.00000000      -1.00000000      0.500000000    
   0.00000000      -1.00000000       0.00000000      0.500000000    
 Operator number          341
  -1.00000000       0.00000000       0.00000000      0.500000000    
   0.00000000       0.00000000      -1.00000000       0.00000000    
   0.00000000      -1.00000000       0.00000000       0.00000000    
 Operator number          342
  -1.00000000       0.00000000       0.00000000      0.500000000    
   0.00000000       0.00000000      -1.00000000       0.00000000    
   0.00000000      -1.00000000       0.00000000      0.500000000    
 Operator number          343
  -1.00000000       0.00000000       0.00000000      0.500000000    
   0.00000000       0.00000000      -1.00000000      0.500000000    
   0.00000000      -1.00000000       0.00000000       0.00000000    
 Operator number          344
  -1.00000000       0.00000000       0.00000000      0.500000000    
   0.00000000       0.00000000      -1.00000000      0.500000000    
   0.00000000      -1.00000000       0.00000000      0.500000000    
 Operator number          345
   1.00000000       0.00000000       0.00000000       0.00000000    
   0.00000000       0.00000000       1.00000000       0.00000000    
   0.00000000       1.00000000       0.00000000       0.00000000    
 Operator number          346
   1.00000000       0.00000000       0.00000000       0.00000000    
   0.00000000       0.00000000       1.00000000       0.00000000    
   0.00000000       1.00000000       0.00000000      0.500000000    
 Operator number          347
   1.00000000       0.00000000       0.00000000       0.00000000    
   0.00000000       0.00000000       1.00000000      0.500000000    
   0.00000000       1.00000000       0.00000000       0.00000000    
 Operator number          348
   1.00000000       0.00000000       0.00000000       0.00000000    
   0.00000000       0.00000000       1.00000000      0.500000000    
   0.00000000       1.00000000       0.00000000      0.500000000    
 Operator number          349
   1.00000000       0.00000000       0.00000000      0.500000000    
   0.00000000       0.00000000       1.00000000       0.00000000    
   0.00000000       1.00000000       0.00000000       0.00000000    
 Operator number          350
   1.00000000       0.00000000       0.00000000      0.500000000    
   0.00000000       0.00000000       1.00000000       0.00000000    
   0.00000000       1.00000000       0.00000000      0.500000000    
 Operator number          351
   1.00000000       0.00000000       0.00000000      0.500000000    
   0.00000000       0.00000000       1.00000000      0.500000000    
   0.00000000       1.00000000       0.00000000       0.00000000    
 Operator number          352
   1.00000000       0.00000000       0.00000000      0.500000000    
   0.00000000       0.00000000       1.00000000      0.500000000    
   0.00000000       1.00000000       0.00000000      0.500000000    
 Operator number          353
  -1.00000000      -1.00000000      -1.00000000       0.00000000    
   1.00000000       0.00000000       0.00000000       0.00000000    
   0.00000000       0.00000000       1.00000000       0.00000000    
 Operator number          354
  -1.00000000      -1.00000000      -1.00000000       0.00000000    
   1.00000000       0.00000000       0.00000000       0.00000000    
   0.00000000       0.00000000       1.00000000      0.500000000    
 Operator number          355
  -1.00000000      -1.00000000      -1.00000000       0.00000000    
   1.00000000       0.00000000       0.00000000      0.500000000    
   0.00000000       0.00000000       1.00000000       0.00000000    
 Operator number          356
  -1.00000000      -1.00000000      -1.00000000       0.00000000    
   1.00000000       0.00000000       0.00000000      0.500000000    
   0.00000000       0.00000000       1.00000000      0.500000000    
 Operator number          357
  -1.00000000      -1.00000000      -1.00000000      0.500000000    
   1.00000000       0.00000000       0.00000000       0.00000000    
   0.00000000       0.00000000       1.00000000       0.00000000    
 Operator number          358
  -1.00000000      -1.00000000      -1.00000000      0.500000000    
   1.00000000       0.00000000       0.00000000       0.00000000    
   0.00000000       0.00000000       1.00000000      0.500000000    
 Operator number          359
  -1.00000000      -1.00000000      -1.00000000      0.500000000    
   1.00000000       0.00000000       0.00000000      0.500000000    
   0.00000000       0.00000000       1.00000000       0.00000000    
 Operator number          360
  -1.00000000      -1.00000000      -1.00000000      0.500000000    
   1.00000000       0.00000000       0.00000000      0.500000000    
   0.00000000       0.00000000       1.00000000      0.500000000    
 Operator number          361
   1.00000000       1.00000000       1.00000000       0.00000000    
  -1.00000000       0.00000000       0.00000000       0.00000000    
   0.00000000       0.00000000      -1.00000000       0.00000000    
 Operator number          362
   1.00000000       1.00000000       1.00000000       0.00000000    
  -1.00000000       0.00000000       0.00000000       0.00000000    
   0.00000000       0.00000000      -1.00000000      0.500000000    
 Operator number          363
   1.00000000       1.00000000       1.00000000       0.00000000    
  -1.00000000       0.00000000       0.00000000      0.500000000    
   0.00000000       0.00000000      -1.00000000       0.00000000    
 Operator number          364
   1.00000000       1.00000000       1.00000000       0.00000000    
  -1.00000000       0.00000000       0.00000000      0.500000000    
   0.00000000       0.00000000      -1.00000000      0.500000000    
 Operator number          365
   1.00000000       1.00000000       1.00000000      0.500000000    
  -1.00000000       0.00000000       0.00000000       0.00000000    
   0.00000000       0.00000000      -1.00000000       0.00000000    
 Operator number          366
   1.00000000       1.00000000       1.00000000      0.500000000    
  -1.00000000       0.00000000       0.00000000       0.00000000    
   0.00000000       0.00000000      -1.00000000      0.500000000    
 Operator number          367
   1.00000000       1.00000000       1.00000000      0.500000000    
  -1.00000000       0.00000000       0.00000000      0.500000000    
   0.00000000       0.00000000      -1.00000000       0.00000000    
 Operator number          368
   1.00000000       1.00000000       1.00000000      0.500000000    
  -1.00000000       0.00000000       0.00000000      0.500000000    
   0.00000000       0.00000000      -1.00000000      0.500000000    
 Operator number          369
   0.00000000      -1.00000000       0.00000000       0.00000000    
   1.00000000       1.00000000       1.00000000       0.00000000    
  -1.00000000       0.00000000       0.00000000       0.00000000    
 Operator number          370
   0.00000000      -1.00000000       0.00000000       0.00000000    
   1.00000000       1.00000000       1.00000000       0.00000000    
  -1.00000000       0.00000000       0.00000000      0.500000000    
 Operator number          371
   0.00000000      -1.00000000       0.00000000       0.00000000    
   1.00000000       1.00000000       1.00000000      0.500000000    
  -1.00000000       0.00000000       0.00000000       0.00000000    
 Operator number          372
   0.00000000      -1.00000000       0.00000000       0.00000000    
   1.00000000       1.00000000       1.00000000      0.500000000    
  -1.00000000       0.00000000       0.00000000      0.500000000    
 Operator number          373
   0.00000000      -1.00000000       0.00000000      0.500000000    
   1.00000000       1.00000000       1.00000000       0.00000000    
  -1.00000000       0.00000000       0.00000000       0.00000000    
 Operator number          374
   0.00000000      -1.00000000       0.00000000      0.500000000    
   1.00000000       1.00000000       1.00000000       0.00000000    
  -1.00000000       0.00000000       0.00000000      0.500000000    
 Operator number          375
   0.00000000      -1.00000000       0.00000000      0.500000000    
   1.00000000       1.00000000       1.00000000      0.500000000    
  -1.00000000       0.00000000       0.00000000       0.00000000    
 Operator number          376
   0.00000000      -1.00000000       0.00000000      0.500000000    
   1.00000000       1.00000000       1.00000000      0.500000000    
  -1.00000000       0.00000000       0.00000000      0.500000000    
 Operator number          377
   0.00000000       1.00000000       0.00000000       0.00000000    
  -1.00000000      -1.00000000      -1.00000000       0.00000000    
   1.00000000       0.00000000       0.00000000       0.00000000    
 Operator number          378
   0.00000000       1.00000000       0.00000000       0.00000000    
  -1.00000000      -1.00000000      -1.00000000       0.00000000    
   1.00000000       0.00000000       0.00000000      0.500000000    
 Operator number          379
   0.00000000       1.00000000       0.00000000       0.00000000    
  -1.00000000      -1.00000000      -1.00000000      0.500000000    
   1.00000000       0.00000000       0.00000000       0.00000000    
 Operator number          380
   0.00000000       1.00000000       0.00000000       0.00000000    
  -1.00000000      -1.00000000      -1.00000000      0.500000000    
   1.00000000       0.00000000       0.00000000      0.500000000    
 Operator number          381
   0.00000000       1.00000000       0.00000000      0.500000000    
  -1.00000000      -1.00000000      -1.00000000       0.00000000    
   1.00000000       0.00000000       0.00000000       0.00000000    
 Operator number          382
   0.00000000       1.00000000       0.00000000      0.500000000    
  -1.00000000      -1.00000000      -1.00000000       0.00000000    
   1.00000000       0.00000000       0.00000000      0.500000000    
 Operator number          383
   0.00000000       1.00000000       0.00000000      0.500000000    
  -1.00000000      -1.00000000      -1.00000000      0.500000000    
   1.00000000       0.00000000       0.00000000       0.00000000    
 Operator number          384
   0.00000000       1.00000000       0.00000000      0.500000000    
  -1.00000000      -1.00000000      -1.00000000      0.500000000    
   1.00000000       0.00000000       0.00000000      0.500000000    
