# SOD OUTSOD format version 2
          13  substitutions in           16 sites
                    8  configurations
     1     48   17   18   19   20   21   22   23   24   25   26   27   28   29
     2     32   17   18   19   20   21   22   23   24   25   26   27   29   30
     3     96   17   18   19   20   21   22   23   24   25   26   27   29   31
     4    192   17   18   19   20   21   22   23   24   25   26   27   29   32
     5     96   17   18   19   20   21   22   23   24   25   26   27   31   32
     6     48   17   18   19   20   21   22   23   24   25   27   30   31   32
     7     32   17   18   19   20   21   22   23   24   25   28   29   30   32
     8     16   17   18   19   20   21   22   23   25   26   27   28   30   31
