           6  substitutions in           24 sites
                  853  configurations
     1     12    1    2    3    4    5    6
     2     96    1    2    3    4    5    9
     3     32    1    2    3    4    5   10
     4     96    1    2    3    4    9   10
     5     48    1    2    3    4    9   16
     6     48    1    2    3    4    9   17
     7     48    1    2    3    4    9   18
     8     16    1    2    3    5    6    7
     9    192    1    2    3    5    6    9
    10     96    1    2    3    5    6   10
    11    192    1    2    3    5    6   11
    12     96    1    2    3    5    6   12
    13     96    1    2    3    5    6   14
    14     96    1    2    3    5    6   15
    15    192    1    2    3    5    9   10
    16    192    1    2    3    5    9   11
    17    192    1    2    3    5    9   12
    18    192    1    2    3    5    9   13
    19    192    1    2    3    5    9   14
    20    192    1    2    3    5    9   16
    21    192    1    2    3    5    9   17
    22    192    1    2    3    5    9   18
    23     96    1    2    3    5    9   19
    24    192    1    2    3    5    9   20
    25     96    1    2    3    5    9   21
    26     96    1    2    3    5    9   22
    27    192    1    2    3    5    9   23
    28    192    1    2    3    5    9   24
    29    192    1    2    3    5   10   11
    30    192    1    2    3    5   10   12
    31     96    1    2    3    5   10   14
    32     96    1    2    3    5   10   16
    33     96    1    2    3    5   10   17
    34     96    1    2    3    5   10   20
    35    192    1    2    3    5   11   12
    36     96    1    2    3    5   11   14
    37     96    1    2    3    5   11   18
    38     96    1    2    3    5   11   24
    39     96    1    2    3    5   12   14
    40     96    1    2    3    5   12   17
    41     64    1    2    3    9   10   11
    42    192    1    2    3    9   10   12
    43     96    1    2    3    9   10   13
    44    192    1    2    3    9   10   14
    45    192    1    2    3    9   10   15
    46    192    1    2    3    9   10   16
    47    192    1    2    3    9   10   17
    48    192    1    2    3    9   10   19
    49    192    1    2    3    9   10   20
    50    192    1    2    3    9   10   21
    51     96    1    2    3    9   10   22
    52    192    1    2    3    9   10   23
    53    192    1    2    3    9   10   24
    54     96    1    2    3    9   12   14
    55     96    1    2    3    9   12   16
    56    192    1    2    3    9   12   17
    57    192    1    2    3    9   12   18
    58     96    1    2    3    9   12   19
    59     96    1    2    3    9   12   20
    60    192    1    2    3    9   12   21
    61    192    1    2    3    9   12   22
    62    192    1    2    3    9   12   23
    63    192    1    2    3    9   12   24
    64     32    1    2    3    9   16   21
    65    192    1    2    3    9   16   22
    66     96    1    2    3    9   16   24
    67     96    1    2    3    9   17   19
    68     96    1    2    3    9   17   20
    69     96    1    2    3    9   17   24
    70     96    1    2    3    9   18   19
    71     32    1    2    3    9   20   22
    72     32    1    2    3   12   14   17
    73     48    1    2    5    6    9   10
    74    192    1    2    5    6    9   11
    75     96    1    2    5    6    9   13
    76    192    1    2    5    6    9   14
    77    192    1    2    5    6    9   16
    78    192    1    2    5    6    9   17
    79    192    1    2    5    6    9   18
    80     96    1    2    5    6    9   20
    81     96    1    2    5    6    9   24
    82     48    1    2    5    6   11   12
    83     96    1    2    5    6   11   13
    84    192    1    2    5    6   11   14
    85    192    1    2    5    6   11   15
    86    192    1    2    5    6   11   16
    87    192    1    2    5    6   11   17
    88     96    1    2    5    6   14   15
    89     96    1    2    5    6   14   16
    90     96    1    2    5    6   14   17
    91     96    1    2    5    6   14   18
    92    192    1    2    5    6   14   19
    93     96    1    2    5    6   14   22
    94    192    1    2    5    7    9   10
    95     96    1    2    5    7    9   11
    96    192    1    2    5    7    9   12
    97     96    1    2    5    7    9   16
    98    192    1    2    5    7    9   17
    99     48    1    2    5    7    9   18
   100    192    1    2    5    7    9   19
   101     48    1    2    5    7    9   20
   102     48    1    2    5    7    9   21
   103     96    1    2    5    7   10   12
   104     96    1    2    5    7   10   13
   105     48    1    2    5    7   10   15
   106     24    1    2    5    7   10   19
   107     48    1    2    5    7   12   13
   108     24    1    2    5    7   12   22
   109    192    1    2    5    9   10   11
   110    192    1    2    5    9   10   12
   111    192    1    2    5    9   10   13
   112    192    1    2    5    9   10   14
   113    192    1    2    5    9   10   15
   114    192    1    2    5    9   10   16
   115    192    1    2    5    9   10   17
   116     96    1    2    5    9   10   18
   117    192    1    2    5    9   10   19
   118    192    1    2    5    9   10   20
   119    192    1    2    5    9   10   21
   120    192    1    2    5    9   10   22
   121    192    1    2    5    9   10   23
   122    192    1    2    5    9   10   24
   123    192    1    2    5    9   11   12
   124    192    1    2    5    9   11   13
   125    192    1    2    5    9   11   14
   126    192    1    2    5    9   11   15
   127    192    1    2    5    9   11   16
   128    192    1    2    5    9   11   17
   129    192    1    2    5    9   11   18
   130    192    1    2    5    9   11   19
   131    192    1    2    5    9   11   20
   132     96    1    2    5    9   11   21
   133    192    1    2    5    9   11   22
   134    192    1    2    5    9   11   23
   135    192    1    2    5    9   11   24
   136    192    1    2    5    9   12   13
   137    192    1    2    5    9   12   14
   138    192    1    2    5    9   12   15
   139    192    1    2    5    9   12   16
   140    192    1    2    5    9   12   17
   141    192    1    2    5    9   12   18
   142    192    1    2    5    9   12   19
   143    192    1    2    5    9   12   20
   144    192    1    2    5    9   12   21
   145    192    1    2    5    9   12   22
   146    192    1    2    5    9   12   23
   147    192    1    2    5    9   12   24
   148    192    1    2    5    9   13   14
   149    192    1    2    5    9   13   15
   150    192    1    2    5    9   13   16
   151    192    1    2    5    9   13   17
   152    192    1    2    5    9   13   18
   153    192    1    2    5    9   13   19
   154    192    1    2    5    9   13   21
   155    192    1    2    5    9   13   22
   156    192    1    2    5    9   13   23
   157    192    1    2    5    9   13   24
   158    192    1    2    5    9   14   15
   159    192    1    2    5    9   14   16
   160    192    1    2    5    9   14   17
   161    192    1    2    5    9   14   18
   162    192    1    2    5    9   14   19
   163    192    1    2    5    9   14   20
   164     96    1    2    5    9   14   21
   165    192    1    2    5    9   14   22
   166    192    1    2    5    9   14   23
   167    192    1    2    5    9   14   24
   168    192    1    2    5    9   15   16
   169    192    1    2    5    9   15   17
   170     96    1    2    5    9   15   18
   171    192    1    2    5    9   15   19
   172    192    1    2    5    9   15   20
   173    192    1    2    5    9   15   21
   174    192    1    2    5    9   15   22
   175    192    1    2    5    9   15   23
   176    192    1    2    5    9   15   24
   177    192    1    2    5    9   16   17
   178    192    1    2    5    9   16   19
   179     96    1    2    5    9   16   21
   180    192    1    2    5    9   16   22
   181    192    1    2    5    9   16   23
   182    192    1    2    5    9   16   24
   183    192    1    2    5    9   17   19
   184    192    1    2    5    9   17   20
   185    192    1    2    5    9   17   22
   186    192    1    2    5    9   17   23
   187    192    1    2    5    9   17   24
   188     96    1    2    5    9   18   19
   189    192    1    2    5    9   18   20
   190     96    1    2    5    9   18   23
   191    192    1    2    5    9   19   22
   192    192    1    2    5    9   19   23
   193    192    1    2    5    9   19   24
   194     96    1    2    5    9   21   24
   195    192    1    2    5    9   22   23
   196    192    1    2    5    9   22   24
   197    192    1    2    5    9   23   24
   198    192    1    2    5   10   11   12
   199    192    1    2    5   10   11   13
   200    192    1    2    5   10   11   14
   201    192    1    2    5   10   11   15
   202    192    1    2    5   10   11   16
   203    192    1    2    5   10   11   17
   204    192    1    2    5   10   11   19
   205    192    1    2    5   10   11   22
   206     96    1    2    5   10   11   23
   207     96    1    2    5   10   11   24
   208    192    1    2    5   10   12   13
   209    192    1    2    5   10   12   14
   210    192    1    2    5   10   12   15
   211    192    1    2    5   10   12   16
   212    192    1    2    5   10   12   17
   213    192    1    2    5   10   12   19
   214     96    1    2    5   10   12   22
   215    192    1    2    5   10   12   23
   216    192    1    2    5   10   13   14
   217    192    1    2    5   10   13   15
   218    192    1    2    5   10   13   16
   219     96    1    2    5   10   13   17
   220    192    1    2    5   10   13   19
   221    192    1    2    5   10   14   15
   222     96    1    2    5   10   14   16
   223    192    1    2    5   10   14   19
   224     96    1    2    5   10   14   23
   225     96    1    2    5   10   15   19
   226     96    1    2    5   10   15   23
   227    192    1    2    5   11   12   13
   228    192    1    2    5   11   12   14
   229    192    1    2    5   11   12   15
   230    192    1    2    5   11   12   16
   231     96    1    2    5   11   12   17
   232    192    1    2    5   11   12   19
   233    192    1    2    5   11   12   22
   234    192    1    2    5   11   12   24
   235    192    1    2    5   11   13   14
   236    192    1    2    5   11   13   15
   237    192    1    2    5   11   13   16
   238    192    1    2    5   11   13   19
   239     96    1    2    5   11   13   22
   240    192    1    2    5   11   14   15
   241     96    1    2    5   11   14   16
   242     96    1    2    5   11   14   24
   243    192    1    2    5   11   15   16
   244     96    1    2    5   11   15   19
   245     96    1    2    5   11   15   24
   246    192    1    2    5   12   13   14
   247    192    1    2    5   12   13   15
   248    192    1    2    5   12   13   17
   249    192    1    2    5   12   14   15
   250    192    1    2    5   12   14   16
   251     96    1    2    5   12   14   17
   252    192    1    2    5   12   14   19
   253    192    1    2    5   12   14   22
   254    192    1    2    5   12   15   16
   255    192    1    2    5   12   15   17
   256    192    1    2    5   12   15   19
   257     96    1    2    5   12   15   22
   258     96    1    2    5   12   16   17
   259    192    1    2    5   12   16   19
   260     96    1    2    5   12   19   22
   261     96    1    2    5   14   15   16
   262     96    1    2    5   14   15   19
   263     96    1    2    9   10   11   12
   264    192    1    2    9   10   11   13
   265    192    1    2    9   10   11   14
   266    192    1    2    9   10   11   15
   267    192    1    2    9   10   11   16
   268    192    1    2    9   10   11   17
   269    192    1    2    9   10   11   18
   270    192    1    2    9   10   11   19
   271    192    1    2    9   10   11   20
   272    192    1    2    9   10   11   21
   273    192    1    2    9   10   11   22
   274    192    1    2    9   10   11   23
   275    192    1    2    9   10   11   24
   276    192    1    2    9   10   13   14
   277    192    1    2    9   10   13   16
   278    192    1    2    9   10   13   17
   279    192    1    2    9   10   13   18
   280    192    1    2    9   10   13   19
   281    192    1    2    9   10   13   20
   282    192    1    2    9   10   13   21
   283    192    1    2    9   10   13   22
   284    192    1    2    9   10   13   23
   285     96    1    2    9   10   13   24
   286    192    1    2    9   10   14   16
   287    192    1    2    9   10   14   17
   288    192    1    2    9   10   14   18
   289    192    1    2    9   10   14   19
   290    192    1    2    9   10   14   20
   291    192    1    2    9   10   14   21
   292     96    1    2    9   10   14   22
   293    192    1    2    9   10   14   23
   294     24    1    2    9   10   15   18
   295    192    1    2    9   10   15   19
   296     96    1    2    9   10   15   20
   297     96    1    2    9   10   15   21
   298     96    1    2    9   10   16   17
   299    192    1    2    9   10   16   19
   300    192    1    2    9   10   16   20
   301    192    1    2    9   10   16   21
   302    192    1    2    9   10   16   23
   303     96    1    2    9   10   19   20
   304     48    1    2    9   10   19   21
   305    192    1    2    9   10   19   23
   306     48    1    2    9   10   20   23
   307    192    1    2    9   11   12   13
   308    192    1    2    9   11   12   14
   309    192    1    2    9   11   12   16
   310    192    1    2    9   11   12   17
   311    192    1    2    9   11   12   18
   312    192    1    2    9   11   12   19
   313    192    1    2    9   11   12   20
   314    192    1    2    9   11   12   21
   315    192    1    2    9   11   12   22
   316    192    1    2    9   11   12   23
   317    192    1    2    9   11   12   24
   318    192    1    2    9   11   13   16
   319    192    1    2    9   11   13   17
   320    192    1    2    9   11   13   18
   321    192    1    2    9   11   13   19
   322    192    1    2    9   11   13   20
   323    192    1    2    9   11   13   21
   324    192    1    2    9   11   13   22
   325     96    1    2    9   11   13   23
   326    192    1    2    9   11   13   24
   327    192    1    2    9   11   14   16
   328    192    1    2    9   11   14   17
   329     96    1    2    9   11   14   18
   330    192    1    2    9   11   14   19
   331     96    1    2    9   11   14   20
   332     48    1    2    9   11   14   21
   333    192    1    2    9   11   16   17
   334     96    1    2    9   11   16   18
   335    192    1    2    9   11   16   19
   336     96    1    2    9   11   16   20
   337     96    1    2    9   11   16   21
   338    192    1    2    9   11   16   22
   339    192    1    2    9   11   16   23
   340    192    1    2    9   11   16   24
   341    192    1    2    9   11   17   18
   342    192    1    2    9   11   17   19
   343    192    1    2    9   11   17   20
   344    192    1    2    9   11   17   22
   345    192    1    2    9   11   17   24
   346    192    1    2    9   11   18   19
   347    192    1    2    9   11   18   20
   348    192    1    2    9   11   18   21
   349    192    1    2    9   11   18   22
   350    192    1    2    9   11   18   23
   351     96    1    2    9   11   18   24
   352     96    1    2    9   11   19   22
   353    192    1    2    9   11   19   23
   354    192    1    2    9   11   19   24
   355    192    1    2    9   11   20   22
   356     96    1    2    9   11   20   24
   357     96    1    2    9   11   21   24
   358    192    1    2    9   11   22   23
   359    192    1    2    9   11   22   24
   360    192    1    2    9   11   23   24
   361    192    1    2    9   12   13   16
   362    192    1    2    9   12   13   17
   363     96    1    2    9   12   13   18
   364     48    1    2    9   12   13   20
   365     96    1    2    9   12   13   21
   366    192    1    2    9   12   16   17
   367    192    1    2    9   12   16   21
   368    192    1    2    9   12   16   22
   369    192    1    2    9   12   16   23
   370    192    1    2    9   12   16   24
   371     96    1    2    9   12   17   18
   372     96    1    2    9   12   17   20
   373     96    1    2    9   12   17   21
   374    192    1    2    9   12   17   22
   375    192    1    2    9   12   17   24
   376    192    1    2    9   12   18   20
   377    192    1    2    9   12   18   21
   378     96    1    2    9   12   18   22
   379    192    1    2    9   12   18   23
   380     96    1    2    9   12   20   22
   381     96    1    2    9   12   21   22
   382    192    1    2    9   12   21   24
   383    192    1    2    9   12   22   23
   384    192    1    2    9   12   22   24
   385     96    1    2    9   12   23   24
   386    192    1    2    9   16   17   22
   387    192    1    2    9   16   17   24
   388     48    1    2    9   16   21   24
   389     96    1    2    9   16   22   23
   390     48    1    2    9   17   20   22
   391     24    1    2    9   18   19   23
   392     24    1    2    9   18   20   21
   393     96    1    2   11   12   13   14
   394     96    1    2   11   12   13   16
   395    192    1    2   11   12   13   17
   396    192    1    2   11   12   13   22
   397     48    1    2   11   12   13   24
   398     96    1    2   11   12   14   17
   399     48    1    2   11   12   14   22
   400     24    1    2   11   12   16   17
   401     24    1    2   11   13   16   22
   402     24    1    2   11   14   16   24
   403     96    1    5    9   10   11   12
   404    192    1    5    9   10   11   13
   405    192    1    5    9   10   11   14
   406    192    1    5    9   10   11   15
   407    192    1    5    9   10   11   16
   408    192    1    5    9   10   11   17
   409     96    1    5    9   10   11   20
   410     96    1    5    9   10   11   23
   411    192    1    5    9   10   12   13
   412    192    1    5    9   10   12   14
   413    192    1    5    9   10   12   15
   414    192    1    5    9   10   12   16
   415    192    1    5    9   10   12   17
   416     96    1    5    9   10   12   20
   417     96    1    5    9   10   12   23
   418    192    1    5    9   10   13   15
   419    192    1    5    9   10   13   16
   420    192    1    5    9   10   13   17
   421    192    1    5    9   10   13   18
   422    192    1    5    9   10   13   19
   423    192    1    5    9   10   13   20
   424    192    1    5    9   10   13   21
   425    192    1    5    9   10   13   22
   426    192    1    5    9   10   13   23
   427     96    1    5    9   10   13   24
   428     96    1    5    9   10   14   16
   429    192    1    5    9   10   14   17
   430     96    1    5    9   10   14   18
   431     96    1    5    9   10   14   22
   432     96    1    5    9   10   14   23
   433    192    1    5    9   10   15   16
   434    192    1    5    9   10   15   17
   435    192    1    5    9   10   15   19
   436    192    1    5    9   10   15   20
   437    192    1    5    9   10   15   21
   438     96    1    5    9   10   15   22
   439    192    1    5    9   10   15   23
   440    192    1    5    9   10   16   17
   441     48    1    5    9   10   16   19
   442    192    1    5    9   10   16   20
   443    192    1    5    9   10   16   21
   444    192    1    5    9   10   16   23
   445    192    1    5    9   10   17   20
   446     96    1    5    9   10   17   21
   447    192    1    5    9   10   17   23
   448     96    1    5    9   10   20   23
   449    192    1    5    9   11   12   13
   450    192    1    5    9   11   12   15
   451    192    1    5    9   11   12   16
   452    192    1    5    9   11   12   17
   453    192    1    5    9   11   12   18
   454    192    1    5    9   11   12   19
   455    192    1    5    9   11   12   20
   456    192    1    5    9   11   12   21
   457    192    1    5    9   11   12   22
   458    192    1    5    9   11   12   23
   459    192    1    5    9   11   12   24
   460     96    1    5    9   11   13   16
   461    192    1    5    9   11   13   17
   462    192    1    5    9   11   13   18
   463    192    1    5    9   11   13   21
   464     96    1    5    9   11   13   22
   465     96    1    5    9   11   13   23
   466    192    1    5    9   11   15   16
   467    192    1    5    9   11   15   17
   468    192    1    5    9   11   15   18
   469    192    1    5    9   11   15   19
   470    192    1    5    9   11   15   20
   471    192    1    5    9   11   15   21
   472    192    1    5    9   11   15   22
   473    192    1    5    9   11   15   23
   474    192    1    5    9   11   15   24
   475     96    1    5    9   11   16   17
   476     96    1    5    9   11   16   20
   477    192    1    5    9   11   16   21
   478    192    1    5    9   11   16   22
   479    192    1    5    9   11   16   23
   480    192    1    5    9   11   16   24
   481    192    1    5    9   11   17   18
   482    192    1    5    9   11   17   19
   483    192    1    5    9   11   17   20
   484    192    1    5    9   11   17   21
   485    192    1    5    9   11   17   22
   486    192    1    5    9   11   17   23
   487    192    1    5    9   11   17   24
   488    192    1    5    9   11   18   19
   489    192    1    5    9   11   18   20
   490    192    1    5    9   11   18   21
   491    192    1    5    9   11   18   22
   492    192    1    5    9   11   18   23
   493     96    1    5    9   11   18   24
   494     96    1    5    9   11   19   20
   495    192    1    5    9   11   19   22
   496    192    1    5    9   11   19   23
   497    192    1    5    9   11   19   24
   498    192    1    5    9   11   20   21
   499    192    1    5    9   11   20   22
   500    192    1    5    9   11   20   23
   501    192    1    5    9   11   20   24
   502    192    1    5    9   11   21   22
   503    192    1    5    9   11   21   23
   504    192    1    5    9   11   21   24
   505    192    1    5    9   11   22   23
   506    192    1    5    9   11   22   24
   507    192    1    5    9   11   23   24
   508     48    1    5    9   12   15   16
   509    192    1    5    9   12   15   17
   510    192    1    5    9   12   15   18
   511    192    1    5    9   12   15   21
   512     96    1    5    9   12   15   22
   513     96    1    5    9   12   15   23
   514    192    1    5    9   12   16   21
   515     96    1    5    9   12   16   22
   516     96    1    5    9   12   16   23
   517    192    1    5    9   12   17   19
   518    192    1    5    9   12   17   20
   519    192    1    5    9   12   17   21
   520    192    1    5    9   12   17   22
   521    192    1    5    9   12   17   23
   522    192    1    5    9   12   17   24
   523     96    1    5    9   12   18   19
   524    192    1    5    9   12   18   20
   525    192    1    5    9   12   18   21
   526     96    1    5    9   12   18   22
   527    192    1    5    9   12   18   23
   528     96    1    5    9   12   19   23
   529    192    1    5    9   12   20   21
   530    192    1    5    9   12   20   22
   531    192    1    5    9   12   20   23
   532    192    1    5    9   12   20   24
   533    192    1    5    9   12   21   22
   534    192    1    5    9   12   21   23
   535    192    1    5    9   12   21   24
   536    192    1    5    9   12   22   23
   537    192    1    5    9   12   22   24
   538    192    1    5    9   12   23   24
   539     96    1    5    9   16   21   22
   540     96    1    5    9   16   21   23
   541     48    1    5    9   16   21   24
   542     48    1    5    9   16   22   23
   543    192    1    5    9   17   19   23
   544     96    1    5    9   17   19   24
   545    192    1    5    9   17   20   21
   546     96    1    5    9   17   20   22
   547     96    1    5    9   17   20   23
   548    192    1    5    9   17   21   22
   549    192    1    5    9   17   21   23
   550    192    1    5    9   17   21   24
   551    192    1    5    9   17   22   23
   552    192    1    5    9   17   22   24
   553    192    1    5    9   17   23   24
   554     32    1    5    9   18   19   23
   555    192    1    5    9   21   22   23
   556     96    1    5    9   21   22   24
   557     96    1    5    9   21   23   24
   558     96    1    5   11   12   13   15
   559    192    1    5   11   12   13   17
   560    192    1    5   11   12   13   20
   561    192    1    5   11   12   13   21
   562    192    1    5   11   12   13   22
   563    192    1    5   11   12   13   23
   564     96    1    5   11   12   13   24
   565     96    1    5   11   12   15   17
   566     96    1    5   11   12   15   20
   567    192    1    5   11   12   15   21
   568     96    1    5   11   12   15   22
   569    192    1    5   11   12   15   23
   570     96    1    5   11   12   17   21
   571    192    1    5   11   12   17   23
   572     48    1    5   11   12   20   23
   573     48    1    5   11   13   17   20
   574     96    1    5   11   13   17   21
   575    192    1    5   11   13   17   22
   576    192    1    5   11   13   17   23
   577     96    1    5   11   13   17   24
   578     96    1    5   11   13   21   23
   579     96    1    5   11   13   22   23
   580     48    1    5   11   15   20   22
   581     96    1    5   11   15   20   23
   582     96    1    5   11   15   21   23
   583     96    1    5   11   15   22   23
   584     32    1    5   11   17   21   23
   585     16    1    5   12   15   22   23
   586    192    1    9   10   11   12   13
   587    192    1    9   10   11   12   16
   588    192    1    9   10   11   12   17
   589    192    1    9   10   11   12   18
   590     96    1    9   10   11   13   14
   591     96    1    9   10   11   13   15
   592    192    1    9   10   11   13   16
   593    192    1    9   10   11   13   17
   594    192    1    9   10   11   13   18
   595    192    1    9   10   11   13   19
   596    192    1    9   10   11   13   20
   597    192    1    9   10   11   13   21
   598    192    1    9   10   11   13   22
   599    192    1    9   10   11   13   23
   600    192    1    9   10   11   13   24
   601     96    1    9   10   11   14   15
   602    192    1    9   10   11   14   16
   603    192    1    9   10   11   14   17
   604    192    1    9   10   11   14   18
   605    192    1    9   10   11   14   19
   606    192    1    9   10   11   14   20
   607    192    1    9   10   11   14   21
   608    192    1    9   10   11   14   22
   609    192    1    9   10   11   14   23
   610    192    1    9   10   11   14   24
   611    192    1    9   10   11   15   16
   612    192    1    9   10   11   15   17
   613    192    1    9   10   11   15   18
   614    192    1    9   10   11   15   19
   615    192    1    9   10   11   15   20
   616    192    1    9   10   11   15   21
   617    192    1    9   10   11   15   22
   618    192    1    9   10   11   15   23
   619    192    1    9   10   11   15   24
   620    192    1    9   10   11   16   17
   621    192    1    9   10   11   16   18
   622    192    1    9   10   11   16   19
   623    192    1    9   10   11   16   20
   624    192    1    9   10   11   16   21
   625    192    1    9   10   11   16   22
   626    192    1    9   10   11   16   23
   627    192    1    9   10   11   16   24
   628    192    1    9   10   11   17   18
   629    192    1    9   10   11   17   19
   630    192    1    9   10   11   17   20
   631    192    1    9   10   11   17   21
   632    192    1    9   10   11   17   22
   633     96    1    9   10   11   17   23
   634    192    1    9   10   11   17   24
   635    192    1    9   10   11   18   19
   636    192    1    9   10   11   18   20
   637    192    1    9   10   11   18   21
   638    192    1    9   10   11   18   22
   639    192    1    9   10   11   18   23
   640     96    1    9   10   11   18   24
   641    192    1    9   10   11   19   20
   642    192    1    9   10   11   19   21
   643    192    1    9   10   11   19   22
   644    192    1    9   10   11   19   23
   645    192    1    9   10   11   19   24
   646    192    1    9   10   11   20   21
   647    192    1    9   10   11   20   22
   648    192    1    9   10   11   20   23
   649    192    1    9   10   11   20   24
   650    192    1    9   10   11   21   22
   651    192    1    9   10   11   21   24
   652    192    1    9   10   11   22   23
   653    192    1    9   10   11   22   24
   654    192    1    9   10   11   23   24
   655    192    1    9   10   13   16   17
   656    192    1    9   10   13   16   18
   657    192    1    9   10   13   16   19
   658    192    1    9   10   13   16   20
   659     96    1    9   10   13   16   21
   660    192    1    9   10   13   16   22
   661    192    1    9   10   13   16   23
   662    192    1    9   10   13   16   24
   663     96    1    9   10   13   17   18
   664     96    1    9   10   13   17   19
   665    192    1    9   10   13   17   20
   666     96    1    9   10   13   17   24
   667    192    1    9   10   13   18   19
   668    192    1    9   10   13   18   20
   669     96    1    9   10   13   18   23
   670    192    1    9   10   13   19   20
   671     96    1    9   10   13   19   24
   672     96    1    9   10   13   20   22
   673    192    1    9   10   13   20   24
   674    192    1    9   10   14   16   17
   675     96    1    9   10   14   16   18
   676    192    1    9   10   14   16   21
   677     96    1    9   10   14   16   22
   678     96    1    9   10   14   16   23
   679    192    1    9   10   14   17   19
   680     96    1    9   10   14   17   20
   681    192    1    9   10   14   17   21
   682    192    1    9   10   14   17   22
   683    192    1    9   10   14   17   23
   684    192    1    9   10   14   17   24
   685     96    1    9   10   14   18   19
   686    192    1    9   10   14   18   21
   687    192    1    9   10   14   18   23
   688    192    1    9   10   14   21   22
   689    192    1    9   10   14   21   23
   690     96    1    9   10   14   21   24
   691     96    1    9   10   14   22   23
   692    192    1    9   10   15   16   17
   693    192    1    9   10   15   16   19
   694    192    1    9   10   15   16   20
   695    192    1    9   10   15   16   21
   696    192    1    9   10   15   16   22
   697    192    1    9   10   15   16   23
   698     96    1    9   10   15   16   24
   699    192    1    9   10   15   17   19
   700    192    1    9   10   15   17   20
   701    192    1    9   10   15   17   21
   702     96    1    9   10   15   17   22
   703    192    1    9   10   15   17   23
   704     96    1    9   10   15   18   19
   705     96    1    9   10   15   18   20
   706    192    1    9   10   15   19   20
   707    192    1    9   10   15   19   21
   708     96    1    9   10   15   19   23
   709     96    1    9   10   15   20   21
   710    192    1    9   10   16   17   19
   711    192    1    9   10   16   17   20
   712    192    1    9   10   16   17   21
   713    192    1    9   10   16   17   22
   714    192    1    9   10   16   17   23
   715    192    1    9   10   16   17   24
   716     96    1    9   10   16   19   23
   717    192    1    9   10   16   20   21
   718    192    1    9   10   16   20   22
   719    192    1    9   10   16   20   23
   720    192    1    9   10   16   20   24
   721    192    1    9   10   16   21   22
   722    192    1    9   10   16   21   23
   723    192    1    9   10   16   21   24
   724    192    1    9   10   16   22   23
   725    192    1    9   10   16   22   24
   726    192    1    9   10   16   23   24
   727    192    1    9   10   17   19   21
   728     96    1    9   10   17   19   23
   729    192    1    9   10   17   19   24
   730    192    1    9   10   17   20   21
   731    192    1    9   10   17   20   22
   732    192    1    9   10   17   20   24
   733    192    1    9   10   17   21   22
   734    192    1    9   10   17   21   24
   735    192    1    9   10   17   22   24
   736    192    1    9   10   18   19   20
   737     96    1    9   10   18   19   23
   738     96    1    9   10   18   20   21
   739    192    1    9   10   18   20   23
   740    192    1    9   10   19   20   24
   741    192    1    9   10   19   22   23
   742    192    1    9   10   19   22   24
   743    192    1    9   10   20   21   22
   744    192    1    9   10   20   21   24
   745    192    1    9   10   20   22   24
   746    192    1    9   10   21   22   24
   747    192    1    9   16   17   20   21
   748     96    1    9   16   17   20   22
   749     96    1    9   16   17   21   24
   750     96    1    9   16   17   22   24
   751    192    1   10   11   12   13   14
   752    192    1   10   11   12   13   16
   753    192    1   10   11   12   13   17
   754    192    1   10   11   12   13   20
   755    192    1   10   11   12   13   21
   756    192    1   10   11   12   13   22
   757    192    1   10   11   12   13   24
   758    192    1   10   11   12   16   17
   759     96    1   10   11   12   16   20
   760    192    1   10   11   12   16   21
   761    192    1   10   11   12   16   22
   762    192    1   10   11   12   17   20
   763     96    1   10   11   13   14   16
   764    192    1   10   11   13   14   17
   765    192    1   10   11   13   14   21
   766     96    1   10   11   13   14   22
   767    192    1   10   11   13   15   16
   768     96    1   10   11   13   15   17
   769    192    1   10   11   13   15   20
   770     96    1   10   11   13   15   24
   771    192    1   10   11   13   16   17
   772    192    1   10   11   13   16   20
   773    192    1   10   11   13   16   21
   774    192    1   10   11   13   16   22
   775    192    1   10   11   13   16   24
   776    192    1   10   11   13   21   22
   777    192    1   10   11   13   21   24
   778    192    1   10   11   14   15   16
   779     96    1   10   11   14   15   20
   780     96    1   10   11   14   15   21
   781    192    1   10   11   14   16   17
   782     96    1   10   11   14   16   20
   783    192    1   10   11   14   16   22
   784     96    1   10   11   14   16   24
   785     96    1   10   11   14   17   20
   786    192    1   10   11   14   17   22
   787    192    1   10   11   14   20   22
   788    192    1   10   11   15   16   20
   789     96    9   10   11   12   13   14
   790    192    9   10   11   12   13   16
   791     96    9   10   11   12   13   17
   792     96    9   10   11   12   13   20
   793     48    9   10   11   12   13   24
   794     48    9   10   11   13   14   16
   795    192    9   10   11   13   14   17
   796     96    9   10   11   13   14   21
   797     96    9   10   11   13   14   22
   798    192    9   10   11   13   15   16
   799     96    9   10   11   13   15   17
   800    192    9   10   11   13   15   18
   801     96    9   10   11   13   15   19
   802    192    9   10   11   13   15   20
   803     96    9   10   11   13   15   24
   804    192    9   10   11   13   16   17
   805    192    9   10   11   13   16   18
   806    192    9   10   11   13   16   19
   807    192    9   10   11   13   16   20
   808    192    9   10   11   13   16   21
   809    192    9   10   11   13   16   22
   810    192    9   10   11   13   16   23
   811    192    9   10   11   13   16   24
   812    192    9   10   11   13   17   18
   813     96    9   10   11   13   17   19
   814     96    9   10   11   13   17   22
   815    192    9   10   11   13   18   20
   816     64    9   10   11   13   18   21
   817    192    9   10   11   13   18   23
   818    192    9   10   11   13   19   20
   819    192    9   10   11   13   19   22
   820    192    9   10   11   13   19   23
   821    192    9   10   11   13   20   22
   822     96    9   10   11   13   20   23
   823     48    9   10   11   13   20   24
   824    192    9   10   11   13   22   23
   825     48    9   10   11   13   23   24
   826    192    9   10   11   15   16   19
   827    192    9   10   11   15   16   22
   828     96    9   10   11   15   19   20
   829     96    9   10   11   15   19   23
   830     32    9   10   11   15   22   23
   831     16    9   10   11   16   19   20
   832     48    9   10   13   16   17   19
   833    192    9   10   13   16   17   20
   834     48    9   10   13   16   17   21
   835    192    9   10   13   16   17   22
   836    192    9   10   13   16   17   23
   837     48    9   10   13   16   17   24
   838     48    9   10   13   16   18   20
   839    192    9   10   13   16   18   21
   840    192    9   10   13   16   18   23
   841     24    9   10   13   16   21   24
   842     96    9   10   13   16   22   23
   843     96    9   10   13   17   18   19
   844     32    9   10   13   17   18   23
   845     96    9   10   13   17   20   22
   846     48    9   10   14   16   17   20
   847     96    9   10   14   16   17   22
   848     96    9   10   14   16   17   23
   849     16    9   10   14   16   18   19
   850     96    9   10   14   16   18   23
   851     48    9   10   14   16   22   23
   852     96    9   10   14   17   19   23
   853     48    9   10   14   17   20   23
