1  -3810.02316373
2  -3810.05846676
3  -3810.01389686
4  -3810.00664903
5  -3809.99509468
6  -3809.98224881
7  -3810.02509495
8  -3810.02945785
9  -3809.97791740
10  -3810.01398810
11  -3810.02371689
12  -3810.01205954
13  -3809.99646967
14  -3809.99206346
15  -3810.03871765
16  -3810.03852927
17  -3810.02427087
18  -3810.05452528
19  -3810.07244550
20  -3810.02218870
21  -3810.03276372
22  -3810.04569817
23  -3810.05295408
24  -3810.06403497
25  -3810.07209255
26  -3810.07197714
27  -3810.00803110
28  -3809.97540357
29  -3810.00900158
30  -3810.01080256
31  -3810.03349110
32  -3810.01261174
33  -3810.02109500
34  -3810.00764878
