Enumerated ensemble: 34 configurations; sum_degeneracies = 17550
27 Fe sites -> 4 Al 23 Fe
# Configuration  Degeneracy  Al_positions
1 324 28 29 30 31 
2 324 28 29 30 40 
3 81 28 29 31 32 
4 324 28 29 31 33 
5 324 28 29 31 36 
6 216 28 29 31 37 
7 648 28 29 31 38 
8 1296 28 29 31 39 
9 648 28 29 31 41 
10 1296 28 29 31 42 
11 648 28 29 31 45 
12 81 28 29 33 36 
13 324 28 29 33 39 
14 1296 28 29 33 40 
15 648 28 29 33 42 
16 1296 28 29 33 43 
17 648 28 29 33 45 
18 162 28 29 40 41 
19 324 28 29 40 42 
20 648 28 29 40 44 
21 1296 28 29 40 45 
22 324 28 29 40 52 
23 324 28 29 40 53 
24 648 28 29 40 54 
25 162 28 29 42 45 
26 162 28 29 42 54 
27 648 28 32 36 38 
28 54 28 32 38 40 
29 324 28 32 38 42 
30 648 28 32 38 45 
31 216 28 32 38 54 
32 324 28 32 39 44 
33 216 28 32 39 52 
34 648 28 32 39 53 
