          21  substitutions in           24 sites
                   49  configurations
     1     48    1    2    3    4    5    6    7    8    9   10   11   12   13   14   15   16   17   18   19   20   21
     2     24    1    2    3    4    5    6    7    8    9   10   11   12   13   14   15   16   17   18   19   21   22
     3     24    1    2    3    4    5    6    7    8    9   10   11   12   13   14   15   16   17   18   19   21   23
     4     48    1    2    3    4    5    6    7    8    9   10   11   12   13   14   15   16   17   18   19   21   24
     5     24    1    2    3    4    5    6    7    8    9   10   11   12   13   14   15   16   17   18   19   22   23
     6     48    1    2    3    4    5    6    7    8    9   10   11   12   13   14   15   17   18   19   20   21   22
     7     48    1    2    3    4    5    6    7    8    9   10   11   12   13   14   15   17   18   19   20   21   23
     8     48    1    2    3    4    5    6    7    8    9   10   11   12   13   14   15   17   18   19   20   21   24
     9     48    1    2    3    4    5    6    7    8    9   10   11   12   13   14   15   17   18   19   20   22   23
    10     48    1    2    3    4    5    6    7    8    9   10   11   12   13   14   15   17   18   19   20   22   24
    11     48    1    2    3    4    5    6    7    8    9   10   11   12   13   14   15   17   18   19   20   23   24
    12     48    1    2    3    4    5    6    7    8    9   10   11   12   13   14   15   17   18   19   21   22   23
    13     48    1    2    3    4    5    6    7    8    9   10   11   12   13   14   15   17   18   19   21   22   24
    14     48    1    2    3    4    5    6    7    8    9   10   11   12   13   14   15   17   18   19   21   23   24
    15     48    1    2    3    4    5    6    7    8    9   10   11   12   13   14   15   17   18   19   22   23   24
    16     48    1    2    3    4    5    6    7    8    9   10   11   12   13   14   15   17   18   20   21   22   23
    17     48    1    2    3    4    5    6    7    8    9   10   11   12   13   14   15   17   18   20   21   22   24
    18     48    1    2    3    4    5    6    7    8    9   10   11   12   13   14   15   17   18   20   21   23   24
    19     48    1    2    3    4    5    6    7    8    9   10   11   12   13   14   15   17   18   20   22   23   24
    20     48    1    2    3    4    5    6    7    8    9   10   11   12   13   14   15   17   18   21   22   23   24
    21     48    1    2    3    4    5    6    7    8    9   10   11   12   13   14   15   17   19   20   21   22   23
    22     48    1    2    3    4    5    6    7    8    9   10   11   12   13   14   15   17   19   20   21   22   24
    23     48    1    2    3    4    5    6    7    8    9   10   11   12   13   14   15   17   19   20   21   23   24
    24     48    1    2    3    4    5    6    7    8    9   10   11   12   13   14   15   17   19   20   22   23   24
    25     48    1    2    3    4    5    6    7    8    9   10   11   12   13   14   15   17   19   21   22   23   24
    26     48    1    2    3    4    5    6    7    8    9   10   11   12   13   14   15   17   20   21   22   23   24
    27     48    1    2    3    4    5    6    7    8    9   10   11   12   13   14   15   18   19   20   21   22   23
    28     48    1    2    3    4    5    6    7    8    9   10   11   12   13   14   15   18   19   20   21   22   24
    29     48    1    2    3    4    5    6    7    8    9   10   11   12   13   14   15   18   19   20   21   23   24
    30     48    1    2    3    4    5    6    7    8    9   10   11   12   13   14   15   18   19   20   22   23   24
    31     48    1    2    3    4    5    6    7    8    9   10   11   12   13   14   15   18   19   21   22   23   24
    32     48    1    2    3    4    5    6    7    8    9   10   11   12   13   14   15   18   20   21   22   23   24
    33     48    1    2    3    4    5    6    7    8    9   10   11   12   13   14   15   19   20   21   22   23   24
    34     48    1    2    3    4    5    6    7    9   10   11   12   13   14   15   17   18   19   20   21   22   23
    35     24    1    2    3    4    5    6    7    9   10   11   12   13   14   15   17   18   19   20   21   22   24
    36     48    1    2    3    4    5    6    7    9   10   11   12   13   14   15   17   18   19   20   21   23   24
    37     24    1    2    3    4    5    6    7    9   10   11   12   13   14   15   17   18   19   21   22   23   24
    38     48    1    2    3    4    5    6    7    9   10   11   12   13   14   15   17   18   20   21   22   23   24
    39     48    1    2    3    4    5    6    7    9   10   11   12   13   14   15   17   19   20   21   22   23   24
    40     48    1    2    3    4    5    6    7    9   10   11   12   13   14   15   18   19   20   21   22   23   24
    41     24    1    2    3    4    5    6    7    9   10   11   12   13   14   16   17   18   19   20   21   22   24
    42     16    1    2    3    4    5    6    7    9   10   11   12   13   14   16   17   18   19   20   22   23   24
    43     24    1    2    3    4    5    6    7    9   10   11   12   13   14   16   17   18   20   21   22   23   24
    44     48    1    2    3    4    5    6    7    9   10   11   12   13   14   16   17   19   20   21   22   23   24
    45     48    1    2    3    4    5    6    7    9   10   11   12   13   14   16   18   19   20   21   22   23   24
    46     24    1    2    3    4    5    6    7    9   10   11   12   13   15   16   17   19   20   21   22   23   24
    47      8    1    2    3    4    5    6    7    9   10   11   12   14   15   16   18   19   20   21   22   23   24
    48     24    1    2    3    4    5    6    7    9   11   12   13   14   15   16   17   18   19   20   21   22   23
    49      8    1    2    3    4    5    6    7   10   11   12   13   14   15   16   17   18   19   20   21   22   24
