 List of operators for configuration:                     1
           1
   1.00000000       0.00000000       0.00000000       0.00000000    
   0.00000000       1.00000000       0.00000000       0.00000000    
   0.00000000       0.00000000       1.00000000       0.00000000    
           2
   0.00000000       1.00000000       0.00000000       0.00000000    
   1.00000000       0.00000000       0.00000000       0.00000000    
   0.00000000       0.00000000      -1.00000000       0.00000000    
           3
   1.00000000       0.00000000       0.00000000       0.00000000    
   0.00000000       1.00000000       0.00000000       0.00000000    
   0.00000000       0.00000000      -1.00000000       0.00000000    
           4
   0.00000000       1.00000000       0.00000000       0.00000000    
   1.00000000       0.00000000       0.00000000       0.00000000    
   0.00000000       0.00000000       1.00000000       0.00000000    
           0
 List of operators for configuration:                     2
           1
   1.00000000       0.00000000       0.00000000       0.00000000    
   0.00000000       1.00000000       0.00000000       0.00000000    
   0.00000000       0.00000000       1.00000000       0.00000000    
           2
  -1.00000000       0.00000000       0.00000000       0.00000000    
   0.00000000       1.00000000       0.00000000       0.00000000    
   0.00000000       0.00000000      -1.00000000      0.500000000    
           3
   1.00000000       0.00000000       0.00000000       0.00000000    
   0.00000000       1.00000000       0.00000000       0.00000000    
   0.00000000       0.00000000      -1.00000000      0.500000000    
           4
  -1.00000000       0.00000000       0.00000000       0.00000000    
   0.00000000       1.00000000       0.00000000       0.00000000    
   0.00000000       0.00000000       1.00000000       0.00000000    
           0
 List of operators for configuration:                     3
           1
   1.00000000       0.00000000       0.00000000       0.00000000    
   0.00000000       1.00000000       0.00000000       0.00000000    
   0.00000000       0.00000000       1.00000000       0.00000000    
           2
  -1.00000000       0.00000000       0.00000000       0.00000000    
   0.00000000       1.00000000       0.00000000       0.00000000    
   0.00000000       0.00000000      -1.00000000      0.500000000    
           3
   1.00000000       0.00000000       0.00000000       0.00000000    
   0.00000000       1.00000000       0.00000000       0.00000000    
   0.00000000       0.00000000      -1.00000000      0.500000000    
           4
  -1.00000000       0.00000000       0.00000000       0.00000000    
   0.00000000       1.00000000       0.00000000       0.00000000    
   0.00000000       0.00000000       1.00000000       0.00000000    
           0
 List of operators for configuration:                     4
           1
   1.00000000       0.00000000       0.00000000       0.00000000    
   0.00000000       1.00000000       0.00000000       0.00000000    
   0.00000000       0.00000000       1.00000000       0.00000000    
           2
   1.00000000       0.00000000       0.00000000       0.00000000    
   0.00000000       1.00000000       0.00000000       0.00000000    
   0.00000000       0.00000000      -1.00000000       0.00000000    
           0
 List of operators for configuration:                     5
           1
   1.00000000       0.00000000       0.00000000       0.00000000    
   0.00000000       1.00000000       0.00000000       0.00000000    
   0.00000000       0.00000000       1.00000000       0.00000000    
           2
   1.00000000       0.00000000       0.00000000       0.00000000    
   0.00000000      -1.00000000       0.00000000      0.500000000    
   0.00000000       0.00000000      -1.00000000      0.500000000    
           3
  -1.00000000       0.00000000       0.00000000       0.00000000    
   0.00000000       0.00000000       1.00000000       0.00000000    
   0.00000000       1.00000000       0.00000000       0.00000000    
           4
  -1.00000000       0.00000000       0.00000000       0.00000000    
   0.00000000       0.00000000      -1.00000000      0.500000000    
   0.00000000      -1.00000000       0.00000000      0.500000000    
           5
  -1.00000000       0.00000000       0.00000000       0.00000000    
   0.00000000      -1.00000000       0.00000000      0.500000000    
   0.00000000       0.00000000      -1.00000000      0.500000000    
           6
  -1.00000000       0.00000000       0.00000000       0.00000000    
   0.00000000       1.00000000       0.00000000       0.00000000    
   0.00000000       0.00000000       1.00000000       0.00000000    
           7
   1.00000000       0.00000000       0.00000000       0.00000000    
   0.00000000       0.00000000      -1.00000000      0.500000000    
   0.00000000      -1.00000000       0.00000000      0.500000000    
           8
   1.00000000       0.00000000       0.00000000       0.00000000    
   0.00000000       0.00000000       1.00000000       0.00000000    
   0.00000000       1.00000000       0.00000000       0.00000000    
           0
 List of operators for configuration:                     6
           1
   1.00000000       0.00000000       0.00000000       0.00000000    
   0.00000000       1.00000000       0.00000000       0.00000000    
   0.00000000       0.00000000       1.00000000       0.00000000    
           2
   1.00000000       0.00000000       0.00000000       0.00000000    
   0.00000000      -1.00000000       0.00000000      0.500000000    
   0.00000000       0.00000000      -1.00000000      0.500000000    
           3
  -1.00000000       0.00000000       0.00000000       0.00000000    
   0.00000000       0.00000000       1.00000000       0.00000000    
   0.00000000       1.00000000       0.00000000       0.00000000    
           4
  -1.00000000       0.00000000       0.00000000       0.00000000    
   0.00000000       0.00000000      -1.00000000      0.500000000    
   0.00000000      -1.00000000       0.00000000      0.500000000    
           5
  -1.00000000       0.00000000       0.00000000       0.00000000    
   0.00000000      -1.00000000       0.00000000      0.500000000    
   0.00000000       0.00000000      -1.00000000      0.500000000    
           6
  -1.00000000       0.00000000       0.00000000       0.00000000    
   0.00000000       1.00000000       0.00000000       0.00000000    
   0.00000000       0.00000000       1.00000000       0.00000000    
           7
   1.00000000       0.00000000       0.00000000       0.00000000    
   0.00000000       0.00000000      -1.00000000      0.500000000    
   0.00000000      -1.00000000       0.00000000      0.500000000    
           8
   1.00000000       0.00000000       0.00000000       0.00000000    
   0.00000000       0.00000000       1.00000000       0.00000000    
   0.00000000       1.00000000       0.00000000       0.00000000    
           0
 List of operators for configuration:                     7
           1
   1.00000000       0.00000000       0.00000000       0.00000000    
   0.00000000       1.00000000       0.00000000       0.00000000    
   0.00000000       0.00000000       1.00000000       0.00000000    
           2
   0.00000000       1.00000000       0.00000000       0.00000000    
   1.00000000       0.00000000       0.00000000       0.00000000    
   0.00000000       0.00000000      -1.00000000       0.00000000    
           3
   1.00000000       0.00000000       0.00000000       0.00000000    
   0.00000000       1.00000000       0.00000000       0.00000000    
   0.00000000       0.00000000      -1.00000000       0.00000000    
           4
   0.00000000       1.00000000       0.00000000       0.00000000    
   1.00000000       0.00000000       0.00000000       0.00000000    
   0.00000000       0.00000000       1.00000000       0.00000000    
           0
