         128
 Operator number            1
   1.0000000000000000        0.0000000000000000        0.0000000000000000        0.0000000000000000     
   0.0000000000000000        1.0000000000000000        0.0000000000000000        0.0000000000000000     
   0.0000000000000000        0.0000000000000000        1.0000000000000000        0.0000000000000000     
 Operator number            2
   1.0000000000000000        0.0000000000000000        0.0000000000000000        0.0000000000000000     
   0.0000000000000000        1.0000000000000000        0.0000000000000000        0.0000000000000000     
   0.0000000000000000        0.0000000000000000        1.0000000000000000       0.50000000000000000     
 Operator number            3
   1.0000000000000000        0.0000000000000000        0.0000000000000000        0.0000000000000000     
   0.0000000000000000        1.0000000000000000        0.0000000000000000       0.50000000000000000     
   0.0000000000000000        0.0000000000000000        1.0000000000000000        0.0000000000000000     
 Operator number            4
   1.0000000000000000        0.0000000000000000        0.0000000000000000        0.0000000000000000     
   0.0000000000000000        1.0000000000000000        0.0000000000000000       0.50000000000000000     
   0.0000000000000000        0.0000000000000000        1.0000000000000000       0.50000000000000000     
 Operator number            5
   1.0000000000000000        0.0000000000000000        0.0000000000000000       0.50000000000000000     
   0.0000000000000000        1.0000000000000000        0.0000000000000000        0.0000000000000000     
   0.0000000000000000        0.0000000000000000        1.0000000000000000        0.0000000000000000     
 Operator number            6
   1.0000000000000000        0.0000000000000000        0.0000000000000000       0.50000000000000000     
   0.0000000000000000        1.0000000000000000        0.0000000000000000        0.0000000000000000     
   0.0000000000000000        0.0000000000000000        1.0000000000000000       0.50000000000000000     
 Operator number            7
   1.0000000000000000        0.0000000000000000        0.0000000000000000       0.50000000000000000     
   0.0000000000000000        1.0000000000000000        0.0000000000000000       0.50000000000000000     
   0.0000000000000000        0.0000000000000000        1.0000000000000000        0.0000000000000000     
 Operator number            8
   1.0000000000000000        0.0000000000000000        0.0000000000000000       0.50000000000000000     
   0.0000000000000000        1.0000000000000000        0.0000000000000000       0.50000000000000000     
   0.0000000000000000        0.0000000000000000        1.0000000000000000       0.50000000000000000     
 Operator number            9
  -1.0000000000000000        0.0000000000000000        0.0000000000000000        0.0000000000000000     
   0.0000000000000000       -1.0000000000000000        0.0000000000000000        0.0000000000000000     
   0.0000000000000000        0.0000000000000000        1.0000000000000000        0.0000000000000000     
 Operator number           10
  -1.0000000000000000        0.0000000000000000        0.0000000000000000        0.0000000000000000     
   0.0000000000000000       -1.0000000000000000        0.0000000000000000        0.0000000000000000     
   0.0000000000000000        0.0000000000000000        1.0000000000000000       0.50000000000000000     
 Operator number           11
  -1.0000000000000000        0.0000000000000000        0.0000000000000000        0.0000000000000000     
   0.0000000000000000       -1.0000000000000000        0.0000000000000000       0.50000000000000000     
   0.0000000000000000        0.0000000000000000        1.0000000000000000        0.0000000000000000     
 Operator number           12
  -1.0000000000000000        0.0000000000000000        0.0000000000000000        0.0000000000000000     
   0.0000000000000000       -1.0000000000000000        0.0000000000000000       0.50000000000000000     
   0.0000000000000000        0.0000000000000000        1.0000000000000000       0.50000000000000000     
 Operator number           13
  -1.0000000000000000        0.0000000000000000        0.0000000000000000       0.50000000000000000     
   0.0000000000000000       -1.0000000000000000        0.0000000000000000        0.0000000000000000     
   0.0000000000000000        0.0000000000000000        1.0000000000000000        0.0000000000000000     
 Operator number           14
  -1.0000000000000000        0.0000000000000000        0.0000000000000000       0.50000000000000000     
   0.0000000000000000       -1.0000000000000000        0.0000000000000000        0.0000000000000000     
   0.0000000000000000        0.0000000000000000        1.0000000000000000       0.50000000000000000     
 Operator number           15
  -1.0000000000000000        0.0000000000000000        0.0000000000000000       0.50000000000000000     
   0.0000000000000000       -1.0000000000000000        0.0000000000000000       0.50000000000000000     
   0.0000000000000000        0.0000000000000000        1.0000000000000000        0.0000000000000000     
 Operator number           16
  -1.0000000000000000        0.0000000000000000        0.0000000000000000       0.50000000000000000     
   0.0000000000000000       -1.0000000000000000        0.0000000000000000       0.50000000000000000     
   0.0000000000000000        0.0000000000000000        1.0000000000000000       0.50000000000000000     
 Operator number           17
   0.0000000000000000       -1.0000000000000000        0.0000000000000000       0.25000000000000000     
   1.0000000000000000        0.0000000000000000        0.0000000000000000       0.25000000000000000     
   0.0000000000000000        0.0000000000000000        1.0000000000000000       0.25000000000000000     
 Operator number           18
   0.0000000000000000       -1.0000000000000000        0.0000000000000000       0.25000000000000000     
   1.0000000000000000        0.0000000000000000        0.0000000000000000       0.25000000000000000     
   0.0000000000000000        0.0000000000000000        1.0000000000000000       0.75000000000000000     
 Operator number           19
   0.0000000000000000       -1.0000000000000000        0.0000000000000000       0.25000000000000000     
   1.0000000000000000        0.0000000000000000        0.0000000000000000       0.75000000000000000     
   0.0000000000000000        0.0000000000000000        1.0000000000000000       0.25000000000000000     
 Operator number           20
   0.0000000000000000       -1.0000000000000000        0.0000000000000000       0.25000000000000000     
   1.0000000000000000        0.0000000000000000        0.0000000000000000       0.75000000000000000     
   0.0000000000000000        0.0000000000000000        1.0000000000000000       0.75000000000000000     
 Operator number           21
   0.0000000000000000       -1.0000000000000000        0.0000000000000000       0.75000000000000000     
   1.0000000000000000        0.0000000000000000        0.0000000000000000       0.25000000000000000     
   0.0000000000000000        0.0000000000000000        1.0000000000000000       0.25000000000000000     
 Operator number           22
   0.0000000000000000       -1.0000000000000000        0.0000000000000000       0.75000000000000000     
   1.0000000000000000        0.0000000000000000        0.0000000000000000       0.25000000000000000     
   0.0000000000000000        0.0000000000000000        1.0000000000000000       0.75000000000000000     
 Operator number           23
   0.0000000000000000       -1.0000000000000000        0.0000000000000000       0.75000000000000000     
   1.0000000000000000        0.0000000000000000        0.0000000000000000       0.75000000000000000     
   0.0000000000000000        0.0000000000000000        1.0000000000000000       0.25000000000000000     
 Operator number           24
   0.0000000000000000       -1.0000000000000000        0.0000000000000000       0.75000000000000000     
   1.0000000000000000        0.0000000000000000        0.0000000000000000       0.75000000000000000     
   0.0000000000000000        0.0000000000000000        1.0000000000000000       0.75000000000000000     
 Operator number           25
   0.0000000000000000        1.0000000000000000        0.0000000000000000       0.25000000000000000     
  -1.0000000000000000        0.0000000000000000        0.0000000000000000       0.25000000000000000     
   0.0000000000000000        0.0000000000000000        1.0000000000000000       0.25000000000000000     
 Operator number           26
   0.0000000000000000        1.0000000000000000        0.0000000000000000       0.25000000000000000     
  -1.0000000000000000        0.0000000000000000        0.0000000000000000       0.25000000000000000     
   0.0000000000000000        0.0000000000000000        1.0000000000000000       0.75000000000000000     
 Operator number           27
   0.0000000000000000        1.0000000000000000        0.0000000000000000       0.25000000000000000     
  -1.0000000000000000        0.0000000000000000        0.0000000000000000       0.75000000000000000     
   0.0000000000000000        0.0000000000000000        1.0000000000000000       0.25000000000000000     
 Operator number           28
   0.0000000000000000        1.0000000000000000        0.0000000000000000       0.25000000000000000     
  -1.0000000000000000        0.0000000000000000        0.0000000000000000       0.75000000000000000     
   0.0000000000000000        0.0000000000000000        1.0000000000000000       0.75000000000000000     
 Operator number           29
   0.0000000000000000        1.0000000000000000        0.0000000000000000       0.75000000000000000     
  -1.0000000000000000        0.0000000000000000        0.0000000000000000       0.25000000000000000     
   0.0000000000000000        0.0000000000000000        1.0000000000000000       0.25000000000000000     
 Operator number           30
   0.0000000000000000        1.0000000000000000        0.0000000000000000       0.75000000000000000     
  -1.0000000000000000        0.0000000000000000        0.0000000000000000       0.25000000000000000     
   0.0000000000000000        0.0000000000000000        1.0000000000000000       0.75000000000000000     
 Operator number           31
   0.0000000000000000        1.0000000000000000        0.0000000000000000       0.75000000000000000     
  -1.0000000000000000        0.0000000000000000        0.0000000000000000       0.75000000000000000     
   0.0000000000000000        0.0000000000000000        1.0000000000000000       0.25000000000000000     
 Operator number           32
   0.0000000000000000        1.0000000000000000        0.0000000000000000       0.75000000000000000     
  -1.0000000000000000        0.0000000000000000        0.0000000000000000       0.75000000000000000     
   0.0000000000000000        0.0000000000000000        1.0000000000000000       0.75000000000000000     
 Operator number           33
  -1.0000000000000000        0.0000000000000000        0.0000000000000000       0.25000000000000000     
   0.0000000000000000        1.0000000000000000        0.0000000000000000       0.25000000000000000     
   0.0000000000000000        0.0000000000000000       -1.0000000000000000       0.25000000000000000     
 Operator number           34
  -1.0000000000000000        0.0000000000000000        0.0000000000000000       0.25000000000000000     
   0.0000000000000000        1.0000000000000000        0.0000000000000000       0.25000000000000000     
   0.0000000000000000        0.0000000000000000       -1.0000000000000000       0.75000000000000000     
 Operator number           35
  -1.0000000000000000        0.0000000000000000        0.0000000000000000       0.25000000000000000     
   0.0000000000000000        1.0000000000000000        0.0000000000000000       0.75000000000000000     
   0.0000000000000000        0.0000000000000000       -1.0000000000000000       0.25000000000000000     
 Operator number           36
  -1.0000000000000000        0.0000000000000000        0.0000000000000000       0.25000000000000000     
   0.0000000000000000        1.0000000000000000        0.0000000000000000       0.75000000000000000     
   0.0000000000000000        0.0000000000000000       -1.0000000000000000       0.75000000000000000     
 Operator number           37
  -1.0000000000000000        0.0000000000000000        0.0000000000000000       0.75000000000000000     
   0.0000000000000000        1.0000000000000000        0.0000000000000000       0.25000000000000000     
   0.0000000000000000        0.0000000000000000       -1.0000000000000000       0.25000000000000000     
 Operator number           38
  -1.0000000000000000        0.0000000000000000        0.0000000000000000       0.75000000000000000     
   0.0000000000000000        1.0000000000000000        0.0000000000000000       0.25000000000000000     
   0.0000000000000000        0.0000000000000000       -1.0000000000000000       0.75000000000000000     
 Operator number           39
  -1.0000000000000000        0.0000000000000000        0.0000000000000000       0.75000000000000000     
   0.0000000000000000        1.0000000000000000        0.0000000000000000       0.75000000000000000     
   0.0000000000000000        0.0000000000000000       -1.0000000000000000       0.25000000000000000     
 Operator number           40
  -1.0000000000000000        0.0000000000000000        0.0000000000000000       0.75000000000000000     
   0.0000000000000000        1.0000000000000000        0.0000000000000000       0.75000000000000000     
   0.0000000000000000        0.0000000000000000       -1.0000000000000000       0.75000000000000000     
 Operator number           41
   1.0000000000000000        0.0000000000000000        0.0000000000000000       0.25000000000000000     
   0.0000000000000000       -1.0000000000000000        0.0000000000000000       0.25000000000000000     
   0.0000000000000000        0.0000000000000000       -1.0000000000000000       0.25000000000000000     
 Operator number           42
   1.0000000000000000        0.0000000000000000        0.0000000000000000       0.25000000000000000     
   0.0000000000000000       -1.0000000000000000        0.0000000000000000       0.25000000000000000     
   0.0000000000000000        0.0000000000000000       -1.0000000000000000       0.75000000000000000     
 Operator number           43
   1.0000000000000000        0.0000000000000000        0.0000000000000000       0.25000000000000000     
   0.0000000000000000       -1.0000000000000000        0.0000000000000000       0.75000000000000000     
   0.0000000000000000        0.0000000000000000       -1.0000000000000000       0.25000000000000000     
 Operator number           44
   1.0000000000000000        0.0000000000000000        0.0000000000000000       0.25000000000000000     
   0.0000000000000000       -1.0000000000000000        0.0000000000000000       0.75000000000000000     
   0.0000000000000000        0.0000000000000000       -1.0000000000000000       0.75000000000000000     
 Operator number           45
   1.0000000000000000        0.0000000000000000        0.0000000000000000       0.75000000000000000     
   0.0000000000000000       -1.0000000000000000        0.0000000000000000       0.25000000000000000     
   0.0000000000000000        0.0000000000000000       -1.0000000000000000       0.25000000000000000     
 Operator number           46
   1.0000000000000000        0.0000000000000000        0.0000000000000000       0.75000000000000000     
   0.0000000000000000       -1.0000000000000000        0.0000000000000000       0.25000000000000000     
   0.0000000000000000        0.0000000000000000       -1.0000000000000000       0.75000000000000000     
 Operator number           47
   1.0000000000000000        0.0000000000000000        0.0000000000000000       0.75000000000000000     
   0.0000000000000000       -1.0000000000000000        0.0000000000000000       0.75000000000000000     
   0.0000000000000000        0.0000000000000000       -1.0000000000000000       0.25000000000000000     
 Operator number           48
   1.0000000000000000        0.0000000000000000        0.0000000000000000       0.75000000000000000     
   0.0000000000000000       -1.0000000000000000        0.0000000000000000       0.75000000000000000     
   0.0000000000000000        0.0000000000000000       -1.0000000000000000       0.75000000000000000     
 Operator number           49
   0.0000000000000000        1.0000000000000000        0.0000000000000000        0.0000000000000000     
   1.0000000000000000        0.0000000000000000        0.0000000000000000        0.0000000000000000     
   0.0000000000000000        0.0000000000000000       -1.0000000000000000        0.0000000000000000     
 Operator number           50
   0.0000000000000000        1.0000000000000000        0.0000000000000000        0.0000000000000000     
   1.0000000000000000        0.0000000000000000        0.0000000000000000        0.0000000000000000     
   0.0000000000000000        0.0000000000000000       -1.0000000000000000       0.50000000000000000     
 Operator number           51
   0.0000000000000000        1.0000000000000000        0.0000000000000000        0.0000000000000000     
   1.0000000000000000        0.0000000000000000        0.0000000000000000       0.50000000000000000     
   0.0000000000000000        0.0000000000000000       -1.0000000000000000        0.0000000000000000     
 Operator number           52
   0.0000000000000000        1.0000000000000000        0.0000000000000000        0.0000000000000000     
   1.0000000000000000        0.0000000000000000        0.0000000000000000       0.50000000000000000     
   0.0000000000000000        0.0000000000000000       -1.0000000000000000       0.50000000000000000     
 Operator number           53
   0.0000000000000000        1.0000000000000000        0.0000000000000000       0.50000000000000000     
   1.0000000000000000        0.0000000000000000        0.0000000000000000        0.0000000000000000     
   0.0000000000000000        0.0000000000000000       -1.0000000000000000        0.0000000000000000     
 Operator number           54
   0.0000000000000000        1.0000000000000000        0.0000000000000000       0.50000000000000000     
   1.0000000000000000        0.0000000000000000        0.0000000000000000        0.0000000000000000     
   0.0000000000000000        0.0000000000000000       -1.0000000000000000       0.50000000000000000     
 Operator number           55
   0.0000000000000000        1.0000000000000000        0.0000000000000000       0.50000000000000000     
   1.0000000000000000        0.0000000000000000        0.0000000000000000       0.50000000000000000     
   0.0000000000000000        0.0000000000000000       -1.0000000000000000        0.0000000000000000     
 Operator number           56
   0.0000000000000000        1.0000000000000000        0.0000000000000000       0.50000000000000000     
   1.0000000000000000        0.0000000000000000        0.0000000000000000       0.50000000000000000     
   0.0000000000000000        0.0000000000000000       -1.0000000000000000       0.50000000000000000     
 Operator number           57
   0.0000000000000000       -1.0000000000000000        0.0000000000000000        0.0000000000000000     
  -1.0000000000000000        0.0000000000000000        0.0000000000000000        0.0000000000000000     
   0.0000000000000000        0.0000000000000000       -1.0000000000000000        0.0000000000000000     
 Operator number           58
   0.0000000000000000       -1.0000000000000000        0.0000000000000000        0.0000000000000000     
  -1.0000000000000000        0.0000000000000000        0.0000000000000000        0.0000000000000000     
   0.0000000000000000        0.0000000000000000       -1.0000000000000000       0.50000000000000000     
 Operator number           59
   0.0000000000000000       -1.0000000000000000        0.0000000000000000        0.0000000000000000     
  -1.0000000000000000        0.0000000000000000        0.0000000000000000       0.50000000000000000     
   0.0000000000000000        0.0000000000000000       -1.0000000000000000        0.0000000000000000     
 Operator number           60
   0.0000000000000000       -1.0000000000000000        0.0000000000000000        0.0000000000000000     
  -1.0000000000000000        0.0000000000000000        0.0000000000000000       0.50000000000000000     
   0.0000000000000000        0.0000000000000000       -1.0000000000000000       0.50000000000000000     
 Operator number           61
   0.0000000000000000       -1.0000000000000000        0.0000000000000000       0.50000000000000000     
  -1.0000000000000000        0.0000000000000000        0.0000000000000000        0.0000000000000000     
   0.0000000000000000        0.0000000000000000       -1.0000000000000000        0.0000000000000000     
 Operator number           62
   0.0000000000000000       -1.0000000000000000        0.0000000000000000       0.50000000000000000     
  -1.0000000000000000        0.0000000000000000        0.0000000000000000        0.0000000000000000     
   0.0000000000000000        0.0000000000000000       -1.0000000000000000       0.50000000000000000     
 Operator number           63
   0.0000000000000000       -1.0000000000000000        0.0000000000000000       0.50000000000000000     
  -1.0000000000000000        0.0000000000000000        0.0000000000000000       0.50000000000000000     
   0.0000000000000000        0.0000000000000000       -1.0000000000000000        0.0000000000000000     
 Operator number           64
   0.0000000000000000       -1.0000000000000000        0.0000000000000000       0.50000000000000000     
  -1.0000000000000000        0.0000000000000000        0.0000000000000000       0.50000000000000000     
   0.0000000000000000        0.0000000000000000       -1.0000000000000000       0.50000000000000000     
 Operator number           65
  -1.0000000000000000        0.0000000000000000        0.0000000000000000        0.0000000000000000     
   0.0000000000000000       -1.0000000000000000        0.0000000000000000        0.0000000000000000     
   0.0000000000000000        0.0000000000000000       -1.0000000000000000        0.0000000000000000     
 Operator number           66
  -1.0000000000000000        0.0000000000000000        0.0000000000000000        0.0000000000000000     
   0.0000000000000000       -1.0000000000000000        0.0000000000000000        0.0000000000000000     
   0.0000000000000000        0.0000000000000000       -1.0000000000000000       0.50000000000000000     
 Operator number           67
  -1.0000000000000000        0.0000000000000000        0.0000000000000000        0.0000000000000000     
   0.0000000000000000       -1.0000000000000000        0.0000000000000000       0.50000000000000000     
   0.0000000000000000        0.0000000000000000       -1.0000000000000000        0.0000000000000000     
 Operator number           68
  -1.0000000000000000        0.0000000000000000        0.0000000000000000        0.0000000000000000     
   0.0000000000000000       -1.0000000000000000        0.0000000000000000       0.50000000000000000     
   0.0000000000000000        0.0000000000000000       -1.0000000000000000       0.50000000000000000     
 Operator number           69
  -1.0000000000000000        0.0000000000000000        0.0000000000000000       0.50000000000000000     
   0.0000000000000000       -1.0000000000000000        0.0000000000000000        0.0000000000000000     
   0.0000000000000000        0.0000000000000000       -1.0000000000000000        0.0000000000000000     
 Operator number           70
  -1.0000000000000000        0.0000000000000000        0.0000000000000000       0.50000000000000000     
   0.0000000000000000       -1.0000000000000000        0.0000000000000000        0.0000000000000000     
   0.0000000000000000        0.0000000000000000       -1.0000000000000000       0.50000000000000000     
 Operator number           71
  -1.0000000000000000        0.0000000000000000        0.0000000000000000       0.50000000000000000     
   0.0000000000000000       -1.0000000000000000        0.0000000000000000       0.50000000000000000     
   0.0000000000000000        0.0000000000000000       -1.0000000000000000        0.0000000000000000     
 Operator number           72
  -1.0000000000000000        0.0000000000000000        0.0000000000000000       0.50000000000000000     
   0.0000000000000000       -1.0000000000000000        0.0000000000000000       0.50000000000000000     
   0.0000000000000000        0.0000000000000000       -1.0000000000000000       0.50000000000000000     
 Operator number           73
   1.0000000000000000        0.0000000000000000        0.0000000000000000        0.0000000000000000     
   0.0000000000000000        1.0000000000000000        0.0000000000000000        0.0000000000000000     
   0.0000000000000000        0.0000000000000000       -1.0000000000000000        0.0000000000000000     
 Operator number           74
   1.0000000000000000        0.0000000000000000        0.0000000000000000        0.0000000000000000     
   0.0000000000000000        1.0000000000000000        0.0000000000000000        0.0000000000000000     
   0.0000000000000000        0.0000000000000000       -1.0000000000000000       0.50000000000000000     
 Operator number           75
   1.0000000000000000        0.0000000000000000        0.0000000000000000        0.0000000000000000     
   0.0000000000000000        1.0000000000000000        0.0000000000000000       0.50000000000000000     
   0.0000000000000000        0.0000000000000000       -1.0000000000000000        0.0000000000000000     
 Operator number           76
   1.0000000000000000        0.0000000000000000        0.0000000000000000        0.0000000000000000     
   0.0000000000000000        1.0000000000000000        0.0000000000000000       0.50000000000000000     
   0.0000000000000000        0.0000000000000000       -1.0000000000000000       0.50000000000000000     
 Operator number           77
   1.0000000000000000        0.0000000000000000        0.0000000000000000       0.50000000000000000     
   0.0000000000000000        1.0000000000000000        0.0000000000000000        0.0000000000000000     
   0.0000000000000000        0.0000000000000000       -1.0000000000000000        0.0000000000000000     
 Operator number           78
   1.0000000000000000        0.0000000000000000        0.0000000000000000       0.50000000000000000     
   0.0000000000000000        1.0000000000000000        0.0000000000000000        0.0000000000000000     
   0.0000000000000000        0.0000000000000000       -1.0000000000000000       0.50000000000000000     
 Operator number           79
   1.0000000000000000        0.0000000000000000        0.0000000000000000       0.50000000000000000     
   0.0000000000000000        1.0000000000000000        0.0000000000000000       0.50000000000000000     
   0.0000000000000000        0.0000000000000000       -1.0000000000000000        0.0000000000000000     
 Operator number           80
   1.0000000000000000        0.0000000000000000        0.0000000000000000       0.50000000000000000     
   0.0000000000000000        1.0000000000000000        0.0000000000000000       0.50000000000000000     
   0.0000000000000000        0.0000000000000000       -1.0000000000000000       0.50000000000000000     
 Operator number           81
   0.0000000000000000        1.0000000000000000        0.0000000000000000       0.25000000000000000     
  -1.0000000000000000        0.0000000000000000        0.0000000000000000       0.25000000000000000     
   0.0000000000000000        0.0000000000000000       -1.0000000000000000       0.25000000000000000     
 Operator number           82
   0.0000000000000000        1.0000000000000000        0.0000000000000000       0.25000000000000000     
  -1.0000000000000000        0.0000000000000000        0.0000000000000000       0.25000000000000000     
   0.0000000000000000        0.0000000000000000       -1.0000000000000000       0.75000000000000000     
 Operator number           83
   0.0000000000000000        1.0000000000000000        0.0000000000000000       0.25000000000000000     
  -1.0000000000000000        0.0000000000000000        0.0000000000000000       0.75000000000000000     
   0.0000000000000000        0.0000000000000000       -1.0000000000000000       0.25000000000000000     
 Operator number           84
   0.0000000000000000        1.0000000000000000        0.0000000000000000       0.25000000000000000     
  -1.0000000000000000        0.0000000000000000        0.0000000000000000       0.75000000000000000     
   0.0000000000000000        0.0000000000000000       -1.0000000000000000       0.75000000000000000     
 Operator number           85
   0.0000000000000000        1.0000000000000000        0.0000000000000000       0.75000000000000000     
  -1.0000000000000000        0.0000000000000000        0.0000000000000000       0.25000000000000000     
   0.0000000000000000        0.0000000000000000       -1.0000000000000000       0.25000000000000000     
 Operator number           86
   0.0000000000000000        1.0000000000000000        0.0000000000000000       0.75000000000000000     
  -1.0000000000000000        0.0000000000000000        0.0000000000000000       0.25000000000000000     
   0.0000000000000000        0.0000000000000000       -1.0000000000000000       0.75000000000000000     
 Operator number           87
   0.0000000000000000        1.0000000000000000        0.0000000000000000       0.75000000000000000     
  -1.0000000000000000        0.0000000000000000        0.0000000000000000       0.75000000000000000     
   0.0000000000000000        0.0000000000000000       -1.0000000000000000       0.25000000000000000     
 Operator number           88
   0.0000000000000000        1.0000000000000000        0.0000000000000000       0.75000000000000000     
  -1.0000000000000000        0.0000000000000000        0.0000000000000000       0.75000000000000000     
   0.0000000000000000        0.0000000000000000       -1.0000000000000000       0.75000000000000000     
 Operator number           89
   0.0000000000000000       -1.0000000000000000        0.0000000000000000       0.25000000000000000     
   1.0000000000000000        0.0000000000000000        0.0000000000000000       0.25000000000000000     
   0.0000000000000000        0.0000000000000000       -1.0000000000000000       0.25000000000000000     
 Operator number           90
   0.0000000000000000       -1.0000000000000000        0.0000000000000000       0.25000000000000000     
   1.0000000000000000        0.0000000000000000        0.0000000000000000       0.25000000000000000     
   0.0000000000000000        0.0000000000000000       -1.0000000000000000       0.75000000000000000     
 Operator number           91
   0.0000000000000000       -1.0000000000000000        0.0000000000000000       0.25000000000000000     
   1.0000000000000000        0.0000000000000000        0.0000000000000000       0.75000000000000000     
   0.0000000000000000        0.0000000000000000       -1.0000000000000000       0.25000000000000000     
 Operator number           92
   0.0000000000000000       -1.0000000000000000        0.0000000000000000       0.25000000000000000     
   1.0000000000000000        0.0000000000000000        0.0000000000000000       0.75000000000000000     
   0.0000000000000000        0.0000000000000000       -1.0000000000000000       0.75000000000000000     
 Operator number           93
   0.0000000000000000       -1.0000000000000000        0.0000000000000000       0.75000000000000000     
   1.0000000000000000        0.0000000000000000        0.0000000000000000       0.25000000000000000     
   0.0000000000000000        0.0000000000000000       -1.0000000000000000       0.25000000000000000     
 Operator number           94
   0.0000000000000000       -1.0000000000000000        0.0000000000000000       0.75000000000000000     
   1.0000000000000000        0.0000000000000000        0.0000000000000000       0.25000000000000000     
   0.0000000000000000        0.0000000000000000       -1.0000000000000000       0.75000000000000000     
 Operator number           95
   0.0000000000000000       -1.0000000000000000        0.0000000000000000       0.75000000000000000     
   1.0000000000000000        0.0000000000000000        0.0000000000000000       0.75000000000000000     
   0.0000000000000000        0.0000000000000000       -1.0000000000000000       0.25000000000000000     
 Operator number           96
   0.0000000000000000       -1.0000000000000000        0.0000000000000000       0.75000000000000000     
   1.0000000000000000        0.0000000000000000        0.0000000000000000       0.75000000000000000     
   0.0000000000000000        0.0000000000000000       -1.0000000000000000       0.75000000000000000     
 Operator number           97
   1.0000000000000000        0.0000000000000000        0.0000000000000000       0.25000000000000000     
   0.0000000000000000       -1.0000000000000000        0.0000000000000000       0.25000000000000000     
   0.0000000000000000        0.0000000000000000        1.0000000000000000       0.25000000000000000     
 Operator number           98
   1.0000000000000000        0.0000000000000000        0.0000000000000000       0.25000000000000000     
   0.0000000000000000       -1.0000000000000000        0.0000000000000000       0.25000000000000000     
   0.0000000000000000        0.0000000000000000        1.0000000000000000       0.75000000000000000     
 Operator number           99
   1.0000000000000000        0.0000000000000000        0.0000000000000000       0.25000000000000000     
   0.0000000000000000       -1.0000000000000000        0.0000000000000000       0.75000000000000000     
   0.0000000000000000        0.0000000000000000        1.0000000000000000       0.25000000000000000     
 Operator number          100
   1.0000000000000000        0.0000000000000000        0.0000000000000000       0.25000000000000000     
   0.0000000000000000       -1.0000000000000000        0.0000000000000000       0.75000000000000000     
   0.0000000000000000        0.0000000000000000        1.0000000000000000       0.75000000000000000     
 Operator number          101
   1.0000000000000000        0.0000000000000000        0.0000000000000000       0.75000000000000000     
   0.0000000000000000       -1.0000000000000000        0.0000000000000000       0.25000000000000000     
   0.0000000000000000        0.0000000000000000        1.0000000000000000       0.25000000000000000     
 Operator number          102
   1.0000000000000000        0.0000000000000000        0.0000000000000000       0.75000000000000000     
   0.0000000000000000       -1.0000000000000000        0.0000000000000000       0.25000000000000000     
   0.0000000000000000        0.0000000000000000        1.0000000000000000       0.75000000000000000     
 Operator number          103
   1.0000000000000000        0.0000000000000000        0.0000000000000000       0.75000000000000000     
   0.0000000000000000       -1.0000000000000000        0.0000000000000000       0.75000000000000000     
   0.0000000000000000        0.0000000000000000        1.0000000000000000       0.25000000000000000     
 Operator number          104
   1.0000000000000000        0.0000000000000000        0.0000000000000000       0.75000000000000000     
   0.0000000000000000       -1.0000000000000000        0.0000000000000000       0.75000000000000000     
   0.0000000000000000        0.0000000000000000        1.0000000000000000       0.75000000000000000     
 Operator number          105
  -1.0000000000000000        0.0000000000000000        0.0000000000000000       0.25000000000000000     
   0.0000000000000000        1.0000000000000000        0.0000000000000000       0.25000000000000000     
   0.0000000000000000        0.0000000000000000        1.0000000000000000       0.25000000000000000     
 Operator number          106
  -1.0000000000000000        0.0000000000000000        0.0000000000000000       0.25000000000000000     
   0.0000000000000000        1.0000000000000000        0.0000000000000000       0.25000000000000000     
   0.0000000000000000        0.0000000000000000        1.0000000000000000       0.75000000000000000     
 Operator number          107
  -1.0000000000000000        0.0000000000000000        0.0000000000000000       0.25000000000000000     
   0.0000000000000000        1.0000000000000000        0.0000000000000000       0.75000000000000000     
   0.0000000000000000        0.0000000000000000        1.0000000000000000       0.25000000000000000     
 Operator number          108
  -1.0000000000000000        0.0000000000000000        0.0000000000000000       0.25000000000000000     
   0.0000000000000000        1.0000000000000000        0.0000000000000000       0.75000000000000000     
   0.0000000000000000        0.0000000000000000        1.0000000000000000       0.75000000000000000     
 Operator number          109
  -1.0000000000000000        0.0000000000000000        0.0000000000000000       0.75000000000000000     
   0.0000000000000000        1.0000000000000000        0.0000000000000000       0.25000000000000000     
   0.0000000000000000        0.0000000000000000        1.0000000000000000       0.25000000000000000     
 Operator number          110
  -1.0000000000000000        0.0000000000000000        0.0000000000000000       0.75000000000000000     
   0.0000000000000000        1.0000000000000000        0.0000000000000000       0.25000000000000000     
   0.0000000000000000        0.0000000000000000        1.0000000000000000       0.75000000000000000     
 Operator number          111
  -1.0000000000000000        0.0000000000000000        0.0000000000000000       0.75000000000000000     
   0.0000000000000000        1.0000000000000000        0.0000000000000000       0.75000000000000000     
   0.0000000000000000        0.0000000000000000        1.0000000000000000       0.25000000000000000     
 Operator number          112
  -1.0000000000000000        0.0000000000000000        0.0000000000000000       0.75000000000000000     
   0.0000000000000000        1.0000000000000000        0.0000000000000000       0.75000000000000000     
   0.0000000000000000        0.0000000000000000        1.0000000000000000       0.75000000000000000     
 Operator number          113
   0.0000000000000000       -1.0000000000000000        0.0000000000000000        0.0000000000000000     
  -1.0000000000000000        0.0000000000000000        0.0000000000000000        0.0000000000000000     
   0.0000000000000000        0.0000000000000000        1.0000000000000000        0.0000000000000000     
 Operator number          114
   0.0000000000000000       -1.0000000000000000        0.0000000000000000        0.0000000000000000     
  -1.0000000000000000        0.0000000000000000        0.0000000000000000        0.0000000000000000     
   0.0000000000000000        0.0000000000000000        1.0000000000000000       0.50000000000000000     
 Operator number          115
   0.0000000000000000       -1.0000000000000000        0.0000000000000000        0.0000000000000000     
  -1.0000000000000000        0.0000000000000000        0.0000000000000000       0.50000000000000000     
   0.0000000000000000        0.0000000000000000        1.0000000000000000        0.0000000000000000     
 Operator number          116
   0.0000000000000000       -1.0000000000000000        0.0000000000000000        0.0000000000000000     
  -1.0000000000000000        0.0000000000000000        0.0000000000000000       0.50000000000000000     
   0.0000000000000000        0.0000000000000000        1.0000000000000000       0.50000000000000000     
 Operator number          117
   0.0000000000000000       -1.0000000000000000        0.0000000000000000       0.50000000000000000     
  -1.0000000000000000        0.0000000000000000        0.0000000000000000        0.0000000000000000     
   0.0000000000000000        0.0000000000000000        1.0000000000000000        0.0000000000000000     
 Operator number          118
   0.0000000000000000       -1.0000000000000000        0.0000000000000000       0.50000000000000000     
  -1.0000000000000000        0.0000000000000000        0.0000000000000000        0.0000000000000000     
   0.0000000000000000        0.0000000000000000        1.0000000000000000       0.50000000000000000     
 Operator number          119
   0.0000000000000000       -1.0000000000000000        0.0000000000000000       0.50000000000000000     
  -1.0000000000000000        0.0000000000000000        0.0000000000000000       0.50000000000000000     
   0.0000000000000000        0.0000000000000000        1.0000000000000000        0.0000000000000000     
 Operator number          120
   0.0000000000000000       -1.0000000000000000        0.0000000000000000       0.50000000000000000     
  -1.0000000000000000        0.0000000000000000        0.0000000000000000       0.50000000000000000     
   0.0000000000000000        0.0000000000000000        1.0000000000000000       0.50000000000000000     
 Operator number          121
   0.0000000000000000        1.0000000000000000        0.0000000000000000        0.0000000000000000     
   1.0000000000000000        0.0000000000000000        0.0000000000000000        0.0000000000000000     
   0.0000000000000000        0.0000000000000000        1.0000000000000000        0.0000000000000000     
 Operator number          122
   0.0000000000000000        1.0000000000000000        0.0000000000000000        0.0000000000000000     
   1.0000000000000000        0.0000000000000000        0.0000000000000000        0.0000000000000000     
   0.0000000000000000        0.0000000000000000        1.0000000000000000       0.50000000000000000     
 Operator number          123
   0.0000000000000000        1.0000000000000000        0.0000000000000000        0.0000000000000000     
   1.0000000000000000        0.0000000000000000        0.0000000000000000       0.50000000000000000     
   0.0000000000000000        0.0000000000000000        1.0000000000000000        0.0000000000000000     
 Operator number          124
   0.0000000000000000        1.0000000000000000        0.0000000000000000        0.0000000000000000     
   1.0000000000000000        0.0000000000000000        0.0000000000000000       0.50000000000000000     
   0.0000000000000000        0.0000000000000000        1.0000000000000000       0.50000000000000000     
 Operator number          125
   0.0000000000000000        1.0000000000000000        0.0000000000000000       0.50000000000000000     
   1.0000000000000000        0.0000000000000000        0.0000000000000000        0.0000000000000000     
   0.0000000000000000        0.0000000000000000        1.0000000000000000        0.0000000000000000     
 Operator number          126
   0.0000000000000000        1.0000000000000000        0.0000000000000000       0.50000000000000000     
   1.0000000000000000        0.0000000000000000        0.0000000000000000        0.0000000000000000     
   0.0000000000000000        0.0000000000000000        1.0000000000000000       0.50000000000000000     
 Operator number          127
   0.0000000000000000        1.0000000000000000        0.0000000000000000       0.50000000000000000     
   1.0000000000000000        0.0000000000000000        0.0000000000000000       0.50000000000000000     
   0.0000000000000000        0.0000000000000000        1.0000000000000000        0.0000000000000000     
 Operator number          128
   0.0000000000000000        1.0000000000000000        0.0000000000000000       0.50000000000000000     
   1.0000000000000000        0.0000000000000000        0.0000000000000000       0.50000000000000000     
   0.0000000000000000        0.0000000000000000        1.0000000000000000       0.50000000000000000     
