          48          24
           1           2           3           4           5           6           7           8           9          10          11          12          13          14          15          16          17          18          19          20          21          22          23          24
           2           1           4           3           6           5           8           7          10           9          12          11          14          13          16          15          18          17          20          19          22          21          24          23
           3           4           1           2           7           8           5           6          11          12           9          10          15          16          13          14          19          20          17          18          23          24          21          22
           4           3           2           1           8           7           6           5          12          11          10           9          16          15          14          13          20          19          18          17          24          23          22          21
           5           6           7           8           1           2           3           4          13          14          15          16           9          10          11          12          21          22          23          24          17          18          19          20
           6           5           8           7           2           1           4           3          14          13          16          15          10           9          12          11          22          21          24          23          18          17          20          19
           7           8           5           6           3           4           1           2          15          16          13          14          11          12           9          10          23          24          21          22          19          20          17          18
           8           7           6           5           4           3           2           1          16          15          14          13          12          11          10           9          24          23          22          21          20          19          18          17
          16          15          10           9          14          13          12          11          21          22          19          20          23          24          17          18           2           1           8           7           4           3           6           5
          15          16           9          10          13          14          11          12          22          21          20          19          24          23          18          17           1           2           7           8           3           4           5           6
          14          13          12          11          16          15          10           9          23          24          17          18          21          22          19          20           4           3           6           5           2           1           8           7
          13          14          11          12          15          16           9          10          24          23          18          17          22          21          20          19           3           4           5           6           1           2           7           8
          12          11          14          13          10           9          16          15          17          18          23          24          19          20          21          22           6           5           4           3           8           7           2           1
          11          12          13          14           9          10          15          16          18          17          24          23          20          19          22          21           5           6           3           4           7           8           1           2
          10           9          16          15          12          11          14          13          19          20          21          22          17          18          23          24           8           7           2           1           6           5           4           3
           9          10          15          16          11          12          13          14          20          19          22          21          18          17          24          23           7           8           1           2           5           6           3           4
          17          18          21          22          23          24          19          20           3           4           7           8           5           6           1           2          16          15          12          11          10           9          14          13
          18          17          22          21          24          23          20          19           4           3           8           7           6           5           2           1          15          16          11          12           9          10          13          14
          19          20          23          24          21          22          17          18           1           2           5           6           7           8           3           4          14          13          10           9          12          11          16          15
          20          19          24          23          22          21          18          17           2           1           6           5           8           7           4           3          13          14           9          10          11          12          15          16
          21          22          17          18          19          20          23          24           7           8           3           4           1           2           5           6          12          11          16          15          14          13          10           9
          22          21          18          17          20          19          24          23           8           7           4           3           2           1           6           5          11          12          15          16          13          14           9          10
          23          24          19          20          17          18          21          22           5           6           1           2           3           4           7           8          10           9          14          13          16          15          12          11
          24          23          20          19          18          17          22          21           6           5           2           1           4           3           8           7           9          10          13          14          15          16          11          12
          18          17          22          21          20          19          24          23           9          10          13          14          11          12          15          16           2           1           6           5           4           3           8           7
          17          18          21          22          19          20          23          24          10           9          14          13          12          11          16          15           1           2           5           6           3           4           7           8
          20          19          24          23          18          17          22          21          11          12          15          16           9          10          13          14           4           3           8           7           2           1           6           5
          19          20          23          24          17          18          21          22          12          11          16          15          10           9          14          13           3           4           7           8           1           2           5           6
          22          21          18          17          24          23          20          19          13          14           9          10          15          16          11          12           6           5           2           1           8           7           4           3
          21          22          17          18          23          24          19          20          14          13          10           9          16          15          12          11           5           6           1           2           7           8           3           4
          24          23          20          19          22          21          18          17          15          16          11          12          13          14           9          10           8           7           4           3           6           5           2           1
          23          24          19          20          21          22          17          18          16          15          12          11          14          13          10           9           7           8           3           4           5           6           1           2
          15          16           9          10          11          12          13          14           3           4           5           6           7           8           1           2          18          17          24          23          22          21          20          19
          16          15          10           9          12          11          14          13           4           3           6           5           8           7           2           1          17          18          23          24          21          22          19          20
          13          14          11          12           9          10          15          16           1           2           7           8           5           6           3           4          20          19          22          21          24          23          18          17
          14          13          12          11          10           9          16          15           2           1           8           7           6           5           4           3          19          20          21          22          23          24          17          18
          11          12          13          14          15          16           9          10           7           8           1           2           3           4           5           6          22          21          20          19          18          17          24          23
          12          11          14          13          16          15          10           9           8           7           2           1           4           3           6           5          21          22          19          20          17          18          23          24
           9          10          15          16          13          14          11          12           5           6           3           4           1           2           7           8          24          23          18          17          20          19          22          21
          10           9          16          15          14          13          12          11           6           5           4           3           2           1           8           7          23          24          17          18          19          20          21          22
           1           2           3           4           7           8           5           6          21          22          23          24          19          20          17          18          15          16          13          14           9          10          11          12
           2           1           4           3           8           7           6           5          22          21          24          23          20          19          18          17          16          15          14          13          10           9          12          11
           3           4           1           2           5           6           7           8          23          24          21          22          17          18          19          20          13          14          15          16          11          12           9          10
           4           3           2           1           6           5           8           7          24          23          22          21          18          17          20          19          14          13          16          15          12          11          10           9
           5           6           7           8           3           4           1           2          17          18          19          20          23          24          21          22          11          12           9          10          13          14          15          16
           6           5           8           7           4           3           2           1          18          17          20          19          24          23          22          21          12          11          10           9          14          13          16          15
           7           8           5           6           1           2           3           4          19          20          17          18          21          22          23          24           9          10          11          12          15          16          13          14
           8           7           6           5           2           1           4           3          20          19          18          17          22          21          24          23          10           9          12          11          16          15          14          13
