          48
 Operator number            1
   1.0000000000000000        0.0000000000000000        0.0000000000000000        0.0000000000000000     
   0.0000000000000000        1.0000000000000000        0.0000000000000000        0.0000000000000000     
   0.0000000000000000        0.0000000000000000        1.0000000000000000        0.0000000000000000     
 Operator number            2
   1.0000000000000000        0.0000000000000000        0.0000000000000000        0.0000000000000000     
   0.0000000000000000        1.0000000000000000        0.0000000000000000        0.0000000000000000     
   0.0000000000000000        0.0000000000000000        1.0000000000000000       0.50000000000000000     
 Operator number            3
   1.0000000000000000        0.0000000000000000        0.0000000000000000        0.0000000000000000     
   0.0000000000000000        1.0000000000000000        0.0000000000000000       0.50000000000000000     
   0.0000000000000000        0.0000000000000000        1.0000000000000000        0.0000000000000000     
 Operator number            4
   1.0000000000000000        0.0000000000000000        0.0000000000000000        0.0000000000000000     
   0.0000000000000000        1.0000000000000000        0.0000000000000000       0.50000000000000000     
   0.0000000000000000        0.0000000000000000        1.0000000000000000       0.50000000000000000     
 Operator number            5
   1.0000000000000000        0.0000000000000000        0.0000000000000000       0.50000000000000000     
   0.0000000000000000        1.0000000000000000        0.0000000000000000        0.0000000000000000     
   0.0000000000000000        0.0000000000000000        1.0000000000000000        0.0000000000000000     
 Operator number            6
   1.0000000000000000        0.0000000000000000        0.0000000000000000       0.50000000000000000     
   0.0000000000000000        1.0000000000000000        0.0000000000000000        0.0000000000000000     
   0.0000000000000000        0.0000000000000000        1.0000000000000000       0.50000000000000000     
 Operator number            7
   1.0000000000000000        0.0000000000000000        0.0000000000000000       0.50000000000000000     
   0.0000000000000000        1.0000000000000000        0.0000000000000000       0.50000000000000000     
   0.0000000000000000        0.0000000000000000        1.0000000000000000        0.0000000000000000     
 Operator number            8
   1.0000000000000000        0.0000000000000000        0.0000000000000000       0.50000000000000000     
   0.0000000000000000        1.0000000000000000        0.0000000000000000       0.50000000000000000     
   0.0000000000000000        0.0000000000000000        1.0000000000000000       0.50000000000000000     
 Operator number            9
   0.0000000000000000       -1.0000000000000000        0.0000000000000000        0.0000000000000000     
   1.0000000000000000       -1.0000000000000000        0.0000000000000000        0.0000000000000000     
   0.0000000000000000        0.0000000000000000        1.0000000000000000       0.33333350000000000     
 Operator number           10
   0.0000000000000000       -1.0000000000000000        0.0000000000000000        0.0000000000000000     
   1.0000000000000000       -1.0000000000000000        0.0000000000000000        0.0000000000000000     
   0.0000000000000000        0.0000000000000000        1.0000000000000000       0.83333349999999995     
 Operator number           11
   0.0000000000000000       -1.0000000000000000        0.0000000000000000        0.0000000000000000     
   1.0000000000000000       -1.0000000000000000        0.0000000000000000       0.50000000000000000     
   0.0000000000000000        0.0000000000000000        1.0000000000000000       0.33333350000000000     
 Operator number           12
   0.0000000000000000       -1.0000000000000000        0.0000000000000000        0.0000000000000000     
   1.0000000000000000       -1.0000000000000000        0.0000000000000000       0.50000000000000000     
   0.0000000000000000        0.0000000000000000        1.0000000000000000       0.83333349999999995     
 Operator number           13
   0.0000000000000000       -1.0000000000000000        0.0000000000000000       0.50000000000000000     
   1.0000000000000000       -1.0000000000000000        0.0000000000000000        0.0000000000000000     
   0.0000000000000000        0.0000000000000000        1.0000000000000000       0.33333350000000000     
 Operator number           14
   0.0000000000000000       -1.0000000000000000        0.0000000000000000       0.50000000000000000     
   1.0000000000000000       -1.0000000000000000        0.0000000000000000        0.0000000000000000     
   0.0000000000000000        0.0000000000000000        1.0000000000000000       0.83333349999999995     
 Operator number           15
   0.0000000000000000       -1.0000000000000000        0.0000000000000000       0.50000000000000000     
   1.0000000000000000       -1.0000000000000000        0.0000000000000000       0.50000000000000000     
   0.0000000000000000        0.0000000000000000        1.0000000000000000       0.33333350000000000     
 Operator number           16
   0.0000000000000000       -1.0000000000000000        0.0000000000000000       0.50000000000000000     
   1.0000000000000000       -1.0000000000000000        0.0000000000000000       0.50000000000000000     
   0.0000000000000000        0.0000000000000000        1.0000000000000000       0.83333349999999995     
 Operator number           17
  -1.0000000000000000        1.0000000000000000        0.0000000000000000        0.0000000000000000     
  -1.0000000000000000        0.0000000000000000        0.0000000000000000        0.0000000000000000     
   0.0000000000000000        0.0000000000000000        1.0000000000000000       0.16666650000000000     
 Operator number           18
  -1.0000000000000000        1.0000000000000000        0.0000000000000000        0.0000000000000000     
  -1.0000000000000000        0.0000000000000000        0.0000000000000000        0.0000000000000000     
   0.0000000000000000        0.0000000000000000        1.0000000000000000       0.66666650000000005     
 Operator number           19
  -1.0000000000000000        1.0000000000000000        0.0000000000000000        0.0000000000000000     
  -1.0000000000000000        0.0000000000000000        0.0000000000000000       0.50000000000000000     
   0.0000000000000000        0.0000000000000000        1.0000000000000000       0.16666650000000000     
 Operator number           20
  -1.0000000000000000        1.0000000000000000        0.0000000000000000        0.0000000000000000     
  -1.0000000000000000        0.0000000000000000        0.0000000000000000       0.50000000000000000     
   0.0000000000000000        0.0000000000000000        1.0000000000000000       0.66666650000000005     
 Operator number           21
  -1.0000000000000000        1.0000000000000000        0.0000000000000000       0.50000000000000000     
  -1.0000000000000000        0.0000000000000000        0.0000000000000000        0.0000000000000000     
   0.0000000000000000        0.0000000000000000        1.0000000000000000       0.16666650000000000     
 Operator number           22
  -1.0000000000000000        1.0000000000000000        0.0000000000000000       0.50000000000000000     
  -1.0000000000000000        0.0000000000000000        0.0000000000000000        0.0000000000000000     
   0.0000000000000000        0.0000000000000000        1.0000000000000000       0.66666650000000005     
 Operator number           23
  -1.0000000000000000        1.0000000000000000        0.0000000000000000       0.50000000000000000     
  -1.0000000000000000        0.0000000000000000        0.0000000000000000       0.50000000000000000     
   0.0000000000000000        0.0000000000000000        1.0000000000000000       0.16666650000000000     
 Operator number           24
  -1.0000000000000000        1.0000000000000000        0.0000000000000000       0.50000000000000000     
  -1.0000000000000000        0.0000000000000000        0.0000000000000000       0.50000000000000000     
   0.0000000000000000        0.0000000000000000        1.0000000000000000       0.66666650000000005     
 Operator number           25
   0.0000000000000000        1.0000000000000000        0.0000000000000000        0.0000000000000000     
   1.0000000000000000        0.0000000000000000        0.0000000000000000        0.0000000000000000     
   0.0000000000000000        0.0000000000000000       -1.0000000000000000        0.0000000000000000     
 Operator number           26
   0.0000000000000000        1.0000000000000000        0.0000000000000000        0.0000000000000000     
   1.0000000000000000        0.0000000000000000        0.0000000000000000        0.0000000000000000     
   0.0000000000000000        0.0000000000000000       -1.0000000000000000       0.50000000000000000     
 Operator number           27
   0.0000000000000000        1.0000000000000000        0.0000000000000000        0.0000000000000000     
   1.0000000000000000        0.0000000000000000        0.0000000000000000       0.50000000000000000     
   0.0000000000000000        0.0000000000000000       -1.0000000000000000        0.0000000000000000     
 Operator number           28
   0.0000000000000000        1.0000000000000000        0.0000000000000000        0.0000000000000000     
   1.0000000000000000        0.0000000000000000        0.0000000000000000       0.50000000000000000     
   0.0000000000000000        0.0000000000000000       -1.0000000000000000       0.50000000000000000     
 Operator number           29
   0.0000000000000000        1.0000000000000000        0.0000000000000000       0.50000000000000000     
   1.0000000000000000        0.0000000000000000        0.0000000000000000        0.0000000000000000     
   0.0000000000000000        0.0000000000000000       -1.0000000000000000        0.0000000000000000     
 Operator number           30
   0.0000000000000000        1.0000000000000000        0.0000000000000000       0.50000000000000000     
   1.0000000000000000        0.0000000000000000        0.0000000000000000        0.0000000000000000     
   0.0000000000000000        0.0000000000000000       -1.0000000000000000       0.50000000000000000     
 Operator number           31
   0.0000000000000000        1.0000000000000000        0.0000000000000000       0.50000000000000000     
   1.0000000000000000        0.0000000000000000        0.0000000000000000       0.50000000000000000     
   0.0000000000000000        0.0000000000000000       -1.0000000000000000        0.0000000000000000     
 Operator number           32
   0.0000000000000000        1.0000000000000000        0.0000000000000000       0.50000000000000000     
   1.0000000000000000        0.0000000000000000        0.0000000000000000       0.50000000000000000     
   0.0000000000000000        0.0000000000000000       -1.0000000000000000       0.50000000000000000     
 Operator number           33
   1.0000000000000000       -1.0000000000000000        0.0000000000000000        0.0000000000000000     
   0.0000000000000000       -1.0000000000000000        0.0000000000000000        0.0000000000000000     
   0.0000000000000000        0.0000000000000000       -1.0000000000000000       0.16666650000000000     
 Operator number           34
   1.0000000000000000       -1.0000000000000000        0.0000000000000000        0.0000000000000000     
   0.0000000000000000       -1.0000000000000000        0.0000000000000000        0.0000000000000000     
   0.0000000000000000        0.0000000000000000       -1.0000000000000000       0.66666650000000005     
 Operator number           35
   1.0000000000000000       -1.0000000000000000        0.0000000000000000        0.0000000000000000     
   0.0000000000000000       -1.0000000000000000        0.0000000000000000       0.50000000000000000     
   0.0000000000000000        0.0000000000000000       -1.0000000000000000       0.16666650000000000     
 Operator number           36
   1.0000000000000000       -1.0000000000000000        0.0000000000000000        0.0000000000000000     
   0.0000000000000000       -1.0000000000000000        0.0000000000000000       0.50000000000000000     
   0.0000000000000000        0.0000000000000000       -1.0000000000000000       0.66666650000000005     
 Operator number           37
   1.0000000000000000       -1.0000000000000000        0.0000000000000000       0.50000000000000000     
   0.0000000000000000       -1.0000000000000000        0.0000000000000000        0.0000000000000000     
   0.0000000000000000        0.0000000000000000       -1.0000000000000000       0.16666650000000000     
 Operator number           38
   1.0000000000000000       -1.0000000000000000        0.0000000000000000       0.50000000000000000     
   0.0000000000000000       -1.0000000000000000        0.0000000000000000        0.0000000000000000     
   0.0000000000000000        0.0000000000000000       -1.0000000000000000       0.66666650000000005     
 Operator number           39
   1.0000000000000000       -1.0000000000000000        0.0000000000000000       0.50000000000000000     
   0.0000000000000000       -1.0000000000000000        0.0000000000000000       0.50000000000000000     
   0.0000000000000000        0.0000000000000000       -1.0000000000000000       0.16666650000000000     
 Operator number           40
   1.0000000000000000       -1.0000000000000000        0.0000000000000000       0.50000000000000000     
   0.0000000000000000       -1.0000000000000000        0.0000000000000000       0.50000000000000000     
   0.0000000000000000        0.0000000000000000       -1.0000000000000000       0.66666650000000005     
 Operator number           41
  -1.0000000000000000        0.0000000000000000        0.0000000000000000        0.0000000000000000     
  -1.0000000000000000        1.0000000000000000        0.0000000000000000        0.0000000000000000     
   0.0000000000000000        0.0000000000000000       -1.0000000000000000       0.33333350000000000     
 Operator number           42
  -1.0000000000000000        0.0000000000000000        0.0000000000000000        0.0000000000000000     
  -1.0000000000000000        1.0000000000000000        0.0000000000000000        0.0000000000000000     
   0.0000000000000000        0.0000000000000000       -1.0000000000000000       0.83333349999999995     
 Operator number           43
  -1.0000000000000000        0.0000000000000000        0.0000000000000000        0.0000000000000000     
  -1.0000000000000000        1.0000000000000000        0.0000000000000000       0.50000000000000000     
   0.0000000000000000        0.0000000000000000       -1.0000000000000000       0.33333350000000000     
 Operator number           44
  -1.0000000000000000        0.0000000000000000        0.0000000000000000        0.0000000000000000     
  -1.0000000000000000        1.0000000000000000        0.0000000000000000       0.50000000000000000     
   0.0000000000000000        0.0000000000000000       -1.0000000000000000       0.83333349999999995     
 Operator number           45
  -1.0000000000000000        0.0000000000000000        0.0000000000000000       0.50000000000000000     
  -1.0000000000000000        1.0000000000000000        0.0000000000000000        0.0000000000000000     
   0.0000000000000000        0.0000000000000000       -1.0000000000000000       0.33333350000000000     
 Operator number           46
  -1.0000000000000000        0.0000000000000000        0.0000000000000000       0.50000000000000000     
  -1.0000000000000000        1.0000000000000000        0.0000000000000000        0.0000000000000000     
   0.0000000000000000        0.0000000000000000       -1.0000000000000000       0.83333349999999995     
 Operator number           47
  -1.0000000000000000        0.0000000000000000        0.0000000000000000       0.50000000000000000     
  -1.0000000000000000        1.0000000000000000        0.0000000000000000       0.50000000000000000     
   0.0000000000000000        0.0000000000000000       -1.0000000000000000       0.33333350000000000     
 Operator number           48
  -1.0000000000000000        0.0000000000000000        0.0000000000000000       0.50000000000000000     
  -1.0000000000000000        1.0000000000000000        0.0000000000000000       0.50000000000000000     
   0.0000000000000000        0.0000000000000000       -1.0000000000000000       0.83333349999999995     
