1  -68563.199508
2  -68563.226232
3  -68563.198524
4  -68563.198383
5  -68563.211242
6  -68563.241703
7  -68563.197088
8  -68563.207842
9  -68563.213644
10  -68563.257665
11  -68563.197969
12  -68563.228253
13  -68563.246717
14  -68563.246140
15  -68563.226934
16  -68563.223353
17  -68563.255465
18  -68563.255606
19  -68563.254704
20  -68563.264068
21  -68563.275071
22  -68563.272525
23  -68563.234837
24  -68563.198482
25  -68563.196658
26  -68563.232590
27  -68563.227346
28  -68563.256007
29  -68563.245840
30  -68563.229059
31  -68563.247920
32  -68563.244855
33  -68563.263719
34  -68563.229794
35  -68563.208004
36  -68563.243953
37  -68563.206960
38  -68563.288886
39  -68563.288435
40  -68563.296256
41  -68563.293834
42  -68563.257039
43  -68563.270821
44  -68563.205349
45  -68563.253551
46  -68563.244882
47  -68563.272305
48  -68563.255575
49  -68563.215467
50  -68563.267738
51  -68563.294412
52  -68563.305655
53  -68563.225340
54  -68563.302859
55  -68563.215273
56  -68563.248514
57  -68563.266402
58  -68563.302632
59  -68563.304552
60  -68563.307803
61  -68563.236899
62  -68563.291618
63  -68563.303910
64  -68563.295143
65  -68563.327609
