# SOD OUTSOD format version 2
           6  substitutions in           16 sites
                   65  configurations
     1     96   17   18   19   20   21   22
     2    192   17   18   19   20   21   24
     3     96   17   18   19   20   21   25
     4     96   17   18   19   20   21   28
     5     48   17   18   19   20   21   32
     6     48   17   18   19   21   22   24
     7    192   17   18   19   21   22   25
     8     96   17   18   19   21   22   29
     9     96   17   18   19   21   22   30
    10    192   17   18   19   21   23   24
    11     96   17   18   19   21   23   25
    12    192   17   18   19   21   23   26
    13     96   17   18   19   21   23   27
    14    192   17   18   19   21   23   28
    15     96   17   18   19   21   23   32
    16    192   17   18   19   21   24   25
    17    192   17   18   19   21   24   26
    18    192   17   18   19   21   24   27
    19    192   17   18   19   21   24   28
    20    192   17   18   19   21   24   29
    21    192   17   18   19   21   24   30
    22    192   17   18   19   21   24   31
    23    192   17   18   19   21   24   32
    24    192   17   18   19   21   25   26
    25     96   17   18   19   21   25   27
    26     96   17   18   19   21   25   30
    27    192   17   18   19   21   26   28
    28     64   17   18   19   21   26   29
    29    192   17   18   19   21   26   31
    30    192   17   18   19   21   27   28
    31    192   17   18   19   21   27   30
    32    192   17   18   19   21   27   31
    33    192   17   18   19   21   28   30
    34     96   17   18   19   21   28   31
    35     48   17   18   19   21   28   32
    36    192   17   18   19   21   30   31
    37     48   17   18   19   21   31   32
    38    192   17   18   19   23   24   27
    39    192   17   18   19   23   24   30
    40     96   17   18   19   23   27   28
    41     96   17   18   19   23   27   31
    42     32   17   18   19   23   30   31
    43     16   17   18   19   24   27   28
    44     48   17   18   21   24   25   27
    45    192   17   18   21   24   25   28
    46     48   17   18   21   24   25   29
    47    192   17   18   21   24   25   30
    48    192   17   18   21   24   25   31
    49     48   17   18   21   24   25   32
    50     48   17   18   21   24   26   28
    51    192   17   18   21   24   26   29
    52    192   17   18   21   24   26   31
    53     24   17   18   21   24   29   32
    54     96   17   18   21   24   30   31
    55     96   17   18   21   25   26   27
    56     32   17   18   21   25   26   31
    57     96   17   18   21   25   28   30
    58     48   17   18   22   24   25   28
    59     96   17   18   22   24   25   30
    60     96   17   18   22   24   25   31
    61     16   17   18   22   24   26   27
    62     96   17   18   22   24   26   31
    63     48   17   18   22   24   30   31
    64     96   17   18   22   25   27   31
    65     48   17   18   22   25   28   31
